0.9837382572346348 0.3846658307289585 
0.268472372749636 0.45364944830355003 
0.5682250797334362 0.8518045371656063 
0.5148504674108925 0.08137977192435641 
0.19722232591655897 0.9803307459977675 
0.21058093755780405 0.18713491942287458 
0.8691064878235503 0.6736170028266075 
0.623643830653143 0.47475208281625764 
0.8730134740319815 0.041685228089538784 
0.2516227250417755 0.6824028462333535 
0.013924125098989992 0.5210902193448198 
0.7594427637842023 0.8622658927631577 
0.8363117905013575 0.2062138761467181 
0.6516229335108741 0.6449136748356489 
0.3985057297552892 0.31771698886802485 
0.11316301877282886 0.04786661679437032 
0.0164533605764971 0.7906771144147002 
0.13399817038804795 0.27345461569874624 
0.6561369072140317 0.24562794054862086 
0.443877611689437 0.6068264538553908 
0.9409689338981884 0.905426153870681 
0.39238185279523097 0.899480854008106 
0.6972316545255399 0.03282975881360767 
0.7742662960963809 0.383174299010432 
0.4472297348934852 0.15016369608208446 
0.17242258625287843 0.855419045569987 
0.14038593421495743 0.5551469306138688 
0.3847385758954214 0.7614245189121929 
0.5217075379245838 0.44010954366736643 
0.30633373611759 0.06310159070348442 
0.05622038641921101 0.14608469968237614 
0.9245752547794222 0.50317215948831 
0.9536824555083149 0.12157142418382816 
0.09684988606418699 0.4031481853770266 
0.7235738080256681 0.5133642722598907 
0.3880860682148393 0.5304832697187484 
0.5613213194729683 0.7065489263218521 
0.33041350530096436 0.24232510757593761 
0.11828904627954567 0.7638320636440477 
0.5869117617097137 0.9612912756910481 
0.1258385684709976 0.6536534456860466 
0.01897727021835055 0.9631146914833008 
0.9450024810163361 0.2710649825947865 
0.805982741213527 0.721149600567293 
0.7214473573134695 0.7676016003770468 
0.5408539367940792 0.2875783814181678 
0.8463023779219523 0.48354093316114016 
0.01616741877083311 0.2871760588369846 
0.7745457461559682 0.9894133647082579 
0.2927891708840018 0.3210598247162369 
0.6520938626716272 0.34556717308137397 
0.4726170294241427 0.8180116510126314 
0.9210659440653288 0.6941213984250892 
0.7324355398975424 0.10466324584408232 
0.3154509841639286 0.5605968583632913 
0.5326085234060052 0.6175477752393083 
0.6043348058538416 0.09586870137127385 
0.9472822618172588 0.77329754930267 
0.7379039924796533 0.26567270418865596 
0.7916450021292427 0.5717779444704192 
0.2551742267936047 0.7850578425685033 
0.4183165353951399 0.4137752704957087 
0.6511884937125942 0.9079483586023894 
0.44560299816930465 0.08343625887258671 
0.8743520480591468 0.3636252974176506 
0.12332519838460876 0.8967124402868591 
0.30280448581538594 0.9481157707822169 
0.45042700985539114 0.6972016619895594 
0.045368924436402724 0.6021323124359083 
0.8900194178970715 0.9084319872716694 
0.47041520917517454 0.8913550292770539 
0.37638043664775844 0.12998642431655727 
0.046376400851923294 0.43092562596520345 
0.44657740842234134 0.9831169441990417 
0.9821267956858392 0.03973604125238883 
0.9893145804302709 0.5844845109219725 
0.2508337957110707 0.08244721174638775 
0.8795748458103003 0.2962443526065891 
0.22398399269209168 0.36789285779371617 
0.1843007580630796 0.4793097244264651 
0.05924666893190217 0.042175266239892095 
0.8801887795123728 0.5786173602953529 
0.637213158498971 0.7801446043899206 
0.8277738831281192 0.8255283539799352 
0.8901378487536664 0.10948535486390926 
0.7245125358488234 0.15528571179427447 
0.7151092638126125 0.9666295978243497 
0.5394797418656089 0.1818575865946418 
0.39902981361190826 0.013653782165480133 
0.3154668657084837 0.15305276256283779 
0.24813437398465232 0.874840473248123 
0.3959460788800948 0.20690394243225396 
0.47294202417685005 0.5454909729691224 
0.8135210950473983 0.0935128241869384 
0.8602061261488962 0.962915548090479 
0.7175126762672683 0.6643708830451303 
0.050347341088951336 0.6824204195892989 
0.7359403075578927 0.47345446031668514 
0.4671402251391198 0.0125994554789165 
0.474425842061005 0.23624046894312278 
0.583130121049144 0.5037728393402493 
0.32869795908214805 0.672573828188601 
0.0368971691368693 0.9038752945389492 
0.13232926068889111 0.9847407404630584 
0.2112857353593367 0.735074720561691 
0.219166795007879 0.6296718903479446 
0.3298915597143527 0.4727138895798882 
0.888068425012575 0.16867767521327087 
0.6037897389672496 0.5817001258613193 
0.16324131819114696 0.40138382158795616 
0.1339592884398214 0.1502818016553676 
0.9796003503171866 0.962876430178154 
0.2702963640305036 0.28204163913623886 
0.17943052241173457 0.035905559435921885 
0.5322541368615545 0.9236955791293988 
0.36455620457534843 0.3902101441674227 
0.7857743564588129 0.3108458593007464 
0.38507078846960197 0.8294292202090017 
0.7156377510573193 0.5898245053410247 
0.11679435956651268 0.355714015915067 
0.08997252036130776 0.2485294854291652 
0.6649683024695926 0.1825575327990156 
0.251262479217843 0.1555953590119506 
0.5248432125025834 0.35395164261651446 
0.9618625600094324 0.8451176993362222 
0.09021717046678324 0.5120570344361148 
0.6326182501223497 0.4043311004914389 
0.19097415234031506 0.10926425332982664 
0.6297951781458248 0.7055844858137134 
0.5116040116584816 0.7779333084563841 
0.4782415950378611 0.29035073056188476 
0.07634175564315282 0.3471845686385835 
0.2200790944678811 0.5429796954161983 
0.9393860798859832 0.44168403230544145 
0.37059381823359605 0.6235082557092824 
0.7167234800541953 0.4147566411396889 
0.8428215177248584 0.7566503956863033 
0.6085715404434723 0.17897881048700298 
0.3112729207636761 0.8658306533678415 
0.019230539929408097 0.08523198233176804 
0.9517448293035266 0.2409211073797694 
0.2602453494737651 0.23647203659964677 
0.21125245420257333 0.8344573765807299 
0.6699162525443106 0.10252573757942468 
0.7743398545583158 0.012470918745133452 
0.11314594663952726 0.8449908861720259 
0.5991447376084227 0.010686053650235006 
0.3691085761288537 0.9873329028958886 
0.685624703085542 0.8237676708154871 
0.1949455484552391 0.29452626342398536 
0.3373972465915581 0.042655930963538424 
0.5950940729390007 0.300634685379245 
0.5255313578700622 0.5050041693396679 
0.03684426558074483 0.18021963742009856 
0.986323251284649 0.7267438618837957 
0.759695541502347 0.9450298581454909 
0.9480973074720491 0.6262406938471675 
0.7687605434200864 0.23084411958589562 
0.2489050462542836 0.5110544602783741 
0.9805211971428429 0.17808267382041093 
0.7568675131764667 0.7994695467548151 
0.815570165977465 0.8870785788947841 
0.7424621480319216 0.7352622548862425 
0.7326959732635001 0.3587380884370098 
0.4993363145364759 0.11716635597918312 
0.33211346615878523 0.727799957572762 
0.25844327315031723 0.6212368316202131 
0.4832567384980865 0.983997194854253 
0.3121837798265063 0.37247108119607203 
0.8549952356042811 0.4090425119658958 
0.40031680187109886 0.6993392976637958 
0.987215594838546 0.5062733642592318 
0.9815869957427146 0.330397371827028 
0.5654497299899262 0.368387960882383 
0.12053048412100026 0.09222344235437208 
0.7932211916902336 0.6409484129844247 
0.6755419365678957 0.7176022785044979 
0.08064764610827285 0.9889978749008179 
0.40731041860554174 0.5002069360867123 
0.06001084833607817 0.7328774534887235 
0.45411201864101713 0.4306750421102904 
0.15822821966666356 0.9453077678769152 
0.15337066637221697 0.7073424371623311 
0.33837618375920164 0.34927679376668663 
0.2652022179428293 0.005288861227691899 
0.5605248500412989 0.014514890964137606 
0.6825233207194766 0.5010991693319582 
0.39260950696138386 0.2674061927468774 
0.13145991539647628 0.20407637293451836 
0.9061617179582514 0.8258147364940558 
0.7913533007293114 0.47791522123702035 
0.015803513481163045 0.36191856544419027 
0.7246221572486568 0.8886647761190982 
0.8146234389208695 0.5446089338949863 
0.465286896639523 0.3535163623441306 
0.6079621315636914 0.8850981716348316 
0.6495287767446569 0.9570132989924884 
0.7690194552313679 0.12084630510688649 
0.42538305048419617 0.7779330239696693 
0.20146118587446105 0.9040582218225751 
0.5832629074120312 0.6323591428611781 
0.33901943271805257 0.8089885446645367 
0.8677748574128454 0.264812196898782 
0.5715083568297591 0.7588431303581606 
0.6550326471521927 0.5462340497537735 
0.5145365633494162 0.726194319122745 
0.6431374290421566 0.05240608775033806 
0.9837534357871958 0.6886831872531751 
0.030852397946815213 0.556618484135062 
0.5341470206552728 0.6493707508445317 
0.1781550377044615 0.23213586220033483 
0.6610839845383962 0.8761496402895472 
0.47491421575456255 0.6501885683372132 
0.8946592410301583 0.22054646080560575 
0.18271265010903165 0.7893441791193843 
0.6947728257898343 0.31313002545194313 
0.8808635166409794 0.5409686596490565 
0.600122288252727 0.443879688672439 
0.5285229392947984 0.8420995328149061 
0.8983721879736739 0.7401738824915061 
0.012082670032768639 0.7220742020953006 
0.8447923715662009 0.3491360709361875 
0.9871578069299989 0.21042110959435545 
0.2759846962290998 0.9576318895879246 
0.5669299129380881 0.5620735466955255 
0.9533753765710433 0.01724787498294028 
0.04219807067620329 0.6332314666136649 
0.0673415760785182 0.9556301874963736 
0.39383907452593164 0.04358418552459925 
0.5719257901028815 0.22084592103052292 
0.06777947285380903 0.5447343563535818 
0.5843988657114811 0.16375767070706015 
0.981178973827471 0.932111821031832 
0.9315024166847413 0.5737115550691128 
0.7675618272206841 0.4376835063760992 
0.44226137698850554 0.5408236289442493 
0.06896558906874967 0.8625609502175907 
0.9124403135798835 0.986824374233525 
0.020211045030328667 0.017912633439679804 
0.4062768301494634 0.3451479098784441 
0.8586689733642117 0.7959924849079929 
0.17911689556207994 0.3332492098965074 
0.021929654074971938 0.13310365485738934 
0.11423085922247106 0.5998194791206801 
0.8281140172161897 0.9540631617215951 
0.7176773211449258 0.6247192529623169 
0.33351276253910245 0.9028402031636453 
0.16084699558540516 0.4234021157933565 
0.8248706097815908 0.15386721161538613 
0.12894537722193855 0.4821796555463798 
0.946550926919234 0.09167819022768325 
0.21093537291015835 0.041031620819920844 
0.9123913263554727 0.333863505614328 
0.36222828437614923 0.5850069630298149 
0.4280137436435621 0.19133412854223847 
0.07606806116348241 0.12374773373265385 
0.05879107277003637 0.4933720368715826 
0.6864897760157839 0.4424088148296196 
0.9274430358165059 0.3605788117868898 
0.7984916101574954 0.7699015605575594 
0.816652014566668 0.03084182375038358 
0.6490412027711294 0.12749383329548508 
0.8523511455043457 0.6387677848071152 
0.2776357480882669 0.7282186129053818 
0.8069603262858991 0.2785704258747076 
0.7433293418308549 0.20951281743802452 
0.5095152088578846 0.5587571511988383 
0.05069352777082958 0.7927505604725051 
0.8415989122048602 0.7065498246736267 
0.8589695996217339 0.09614080229832711 
0.4023677382707426 0.9467345604093619 
0.7058724778326989 0.2272936064207014 
0.610835342956554 0.26183896230104475 
0.9067506408017787 0.47867568617165224 
0.2974608706847026 0.610109322492624 
0.5094174319288451 0.18240498593730298 
0.49398567386116565 0.6199020692898175 
0.10415606376815184 0.6944988074697875 
0.6138130186662656 0.6347463666081468 
0.5437344539182555 0.08653898036160845 
0.10652019572360089 0.3230461497092106 
0.737941987826143 0.0671220840177108 
0.9018511858200389 0.13953853092678964 
0.2796592721530756 0.9223881549075026 
0.21079856673456676 0.690468716220335 
0.3695049052834649 0.470997000301011 
0.3328053630534451 0.528495061437118 
0.14940747853327108 0.5952912178628963 
0.2237208927214948 0.40104236122196846 
0.2538672337796473 0.8095967909314675 
0.7670456704878454 0.6387476930050185 
0.008087058216657561 0.8727374806512015 
0.9819267870914725 0.8237269532294009 
0.29702252582585587 0.12127292083063351 
0.047162799836308056 0.22146069213308395 
0.7185373706819876 0.84252951134746 
0.6246579649639743 0.7380166651915191 
0.05944137641757963 0.3958187837851833 
0.3987478823943793 0.6515489144941338 
0.9791936720713149 0.4449634364375601 
0.830984240705283 0.40350426303458564 
0.273082130838656 0.5672244605846708 
0.6268006458491899 0.3140189147002732 
0.6443373663643336 0.4986825913392085 
0.3284267621891129 0.2999856113046609 
0.39453457052853813 0.09410959727979246 
0.4281605422319315 0.28134841580075337 
0.6259847761793009 0.8202699718704904 
0.5104488403536293 0.9897331195787664 
0.24620927245563018 0.1976898598545898 
0.34335285606978294 0.1645532884184076 
0.11363118809925826 0.1776817842313687 
0.32824369256213415 0.967896912319828 
0.5175134008787727 0.03965058112297282 
0.24882705463891835 0.9353364471967325 
0.1472179050076175 0.7957940178322446 
0.5832542139726946 0.4758587210964963 
0.6697535692375461 0.27523573848129185 
0.48512994287492445 0.48033914442706593 
0.29588344029456104 0.29265977694305406 
0.22739210556720135 0.5971792919586952 
0.9025237702494432 0.056387578381486725 
0.5055971828826836 0.23590343117330492 
0.9117007208000523 0.4161228248259392 
0.7515580343553925 0.710764974817259 
0.48367025796839985 0.7195609632131087 
0.7967428597191009 0.8468271722360861 
0.04633654595268871 0.2936921713527891 
0.5764460050021195 0.9094152827540265 
0.5542974708512157 0.3325317120221424 
0.9914091555103881 0.8652419294449543 
0.7598826579779213 0.9128840999595875 
0.9590013496689418 0.7356789215519278 
0.9772147588782276 0.2923081546728612 
0.9158697264838005 0.6258217437366677 
0.07155983417068162 0.45296561344643127 
0.4518615359207951 0.8683133194573323 
0.46478053096530403 0.7524778290616906 
0.9169562957354791 0.1949847690595511 
0.41615317713936223 0.5645406222045425 
0.24241595164744512 0.13396517031579203 
0.3372334034148166 0.43889770381350107 
0.48416461420728435 0.08510520422318302 
0.07153522476900054 0.08134358247408457 
0.761004713104052 0.5051008844423295 
0.41972399114605385 0.8511320899719113 
0.1323369941086286 0.018819504282907462 
0.61651630417604 0.3457063937193988 
0.5252875691267459 0.8682673290890892 
0.5502915885671995 0.8210286447240205 
0.273199005810948 0.4866528315691588 
0.7489856619963718 0.5749879771846903 
0.8766482561005604 0.8770211926987278 
0.042614284504130684 0.8298004403150817 
0.6124589085862938 0.20613530377603256 
0.5859654720328766 0.12996837110238202 
0.1520210445074318 0.7682429405587186 
0.35155568846762153 0.7492804804357909 
0.3074345948139549 0.8264050842736008 
0.1148454485735999 0.11891081639703566 
0.1731335918387375 0.6714533858384428 
0.48175439540241843 0.38476519331301595 
0.1779580132612596 0.16762481138367014 
0.29700990857354365 0.18489597259700497 
0.4384482524891138 0.4929990093486688 
0.4461537857282348 0.3800147315783451 
0.7058487155763198 0.12745627042650537 
0.018187441454532105 0.48344884172321206 
0.9634070019854761 0.5301715875250249 
0.3594511376038475 0.10454581449441708 
0.5641105545857359 0.4197639988162353 
0.16606807781348865 0.6306531130663157 
0.07617166786804308 0.6241633589780954 
0.4294588453692319 0.4468953159316078 
0.20164028008850193 0.3413712845708136 
0.4616133220032316 0.9576057964659608 
0.11599804099043592 0.5348203037170136 
0.6613376844113684 0.6807961557257409 
0.8040329222509557 0.6941826757777648 
0.5207785771626806 0.2658164433224407 
0.49169635440105336 0.8389081855437648 
0.016319103086383735 0.4046684761411289 
0.08418732794142736 0.20911494034590733 
0.6729286072400453 0.6187627067092492 
0.8267679205226135 0.6080334860686374 
0.47851871577652916 0.18038386735229883 
0.5940940889689821 0.04609365686703509 
0.06287790512499963 0.8217576773677602 
0.8473669609743468 0.29506993113129076 
0.9013157495628259 0.44774735632322543 
0.41222082419138434 0.16194414839623228 
0.24499448100495663 0.48259484939305025 
0.4202090201813325 0.7136541198739711 
0.6563679943908525 0.5832716161925563 
0.42605137823171 0.04284552216402121 
0.19864510057572737 0.4083666521496322 
0.3577702097023556 0.857953160430141 
0.442639207973418 0.8166091984228314 
0.7989816904243332 0.20312002619455943 
0.7410416186342001 0.315012897817844 
0.9907133095936651 0.6588773644497048 
0.2361397839466104 0.9611970191303811 
0.9481250201063902 0.40901766895454966 
0.4009601698568459 0.43517023790680154 
0.5964483085836496 0.7100856629219097 
0.9838020653169006 0.07288869894192934 
0.23666429186896265 0.7641174200356031 
0.7427480491384748 0.9749088458303934 
0.9289712254967235 0.8503826449970291 
0.39494397213632965 0.37282129922114715 
0.8921542650087035 0.8000309322843058 
0.31341924705241697 0.7500355987309775 
0.04575160872130424 0.3671768859880161 
0.2425684286463367 0.3376768308882089 
0.35400903014186064 0.9610114495073819 
0.7208703579298549 0.7043701462012179 
0.6594497993898356 0.38491960565768424 
0.2868218181951281 0.42881361293528697 
0.7207763680894637 0.036133808141842194 
0.6893799376689775 0.5346587857987671 
0.27971832419216125 0.8439334858469366 
0.9438450056867506 0.8219100905481276 
0.1816862809128389 0.9366711687020206 
0.6227926305074492 0.5393583111896981 
0.8122871972660428 0.35811066822842363 
0.1843679824607764 0.0608614933288793 
0.45454162484699256 0.03569014834424372 
0.5118191143648803 0.46751632408972643 
0.8406064872275218 0.9901512586387793 
0.015336798498411297 0.32082331185272006 
0.5117924114336191 0.6836768098107998 
0.08121209801621082 0.91371745618459 
0.9267112423342228 0.7275560286695937 
0.686793528318608 0.7612331259358003 
0.6968523383271461 0.9519967328128605 
0.6712155311062274 0.9872852046493404 
0.20847572640047624 0.21527163954503287 
0.6496169694040005 0.4561041233693345 
0.840516132444995 0.04057813688851697 
0.13171874398429556 0.952317878149796 
0.6442783610277916 0.01625401740678928 
0.26719057842335303 0.9006002069380294 
0.42331141955860674 0.23986644975367888 
0.8345525652024253 0.44689975795966785 
0.9585017384919218 0.15258618129217855 
0.5416026843904546 0.5381473524583792 
0.36581249939992144 0.024416683456765953 
0.8531706922635454 0.12510271783650123 
0.6232537541140868 0.9547235324255303 
0.550382539690297 0.9419850218191781 
0.8643543092326259 0.8334463685246345 
0.14114816128652302 0.8726800342494112 
0.6262937360881186 0.9865606411860199 
0.34973608340358736 0.206102958915795 
0.27341759426217477 0.5266134763252304 
0.41206560277821 0.5342667751240965 
0.5146195950433478 0.9667613976549738 
0.7695187744832925 0.06666275530762406 
0.3512230420452753 0.6634094876732335 
0.286153011432999 0.6640117237706349 
0.8550627700388045 0.9011844666573412 
0.015825487191642618 0.9013671440940387 
0.24481569658875507 0.7388666045183712 
0.30697034038456855 0.09266778590097674 
0.20144783986432296 0.013615004911163464 
0.6016821271501466 0.7971629584055577 
0.5441365633208828 0.39243120981334356 
0.815390493706271 0.519003921783482 
0.8531652945991455 0.5634392757925508 
0.17930220203286967 0.5783933697377459 
0.050857328595543094 0.7686750919463519 
0.91276185782491 0.2874395037127019 
0.9118831298022096 0.7725792029292139 
0.22330653755022145 0.568740541601573 
0.02080737442136449 0.2451254842807133 
0.16753393613047463 0.28196928496252405 
0.837262032625423 0.6729959325657754 
0.8469566568263993 0.013603625252354479 
0.27611661535363563 0.25830637160666026 
0.7779215188405905 0.7417561174473338 
0.4095430946063967 0.12332530899512517 
0.8127429149945687 0.12460794037472805 
0.7938810061604157 0.9180850461245454 
0.23243763475698054 0.2657645830593107 
0.6987559324987836 0.9204776091171085 
0.5632819194358375 0.058041689700079224 
0.014321240897309573 0.15821070169237827 
0.9483639837060628 0.6788336810471862 
0.2583930435558097 0.03060014260567645 
0.5449654613437305 0.7821401226249993 
0.9230648724191538 0.9312431001488064 
0.946782940067129 0.4715496997132912 
0.6904252058874829 0.07627317033861714 
0.502884278462295 0.5332418467053923 
0.605106655040779 0.23637677278320007 
0.43125440796556036 0.013151149933234796 
0.04462892977394056 0.9831819449880246 
0.9149239035427261 0.014895304096934292 
0.7545304041152294 0.5418835387020398 
0.7378030584633475 0.4420260072177287 
0.21798917344891217 0.46504992451690985 
0.9311504819850394 0.6050448974331071 
0.7446332973502934 0.822312250688894 
0.4970258784664762 0.4141642122235019 
0.7118775254543407 0.3367186132522655 
0.829073590782285 0.24732725055869564 
0.7603792740331878 0.2924517851936811 
0.5598843119122112 0.45544658118956133 
0.09259045738877869 0.5651842744792079 
0.367456297721633 0.33373597604593785 
0.8997759391314034 0.7073238116101763 
0.9808398638606319 0.8961991932702738 
0.40812040656359144 0.626565341999951 
0.1645093162581026 0.13311953058093257 
0.2266010473877575 0.8162829450710587 
0.6202455040292932 0.9206947670625444 
0.845683561338932 0.5338119935873294 
0.010331682231447703 0.932586617149246 
0.6621661753320904 0.31245519180006676 
0.9481118297196085 0.9849695093972506 
0.3026022016199373 0.5078427543248627 
0.1706286551228362 0.9035752898728803 
0.10875395226833223 0.6709021176311436 
0.3729810669542336 0.07581863604161859 
0.33434840441481506 0.40220949389426797 
0.4119495510101237 0.9249297292820897 
0.5045039022228504 0.33199371894773555 
0.9074554234177243 0.5522531847844395 
0.4869519087473133 0.9439953952645852 
0.3166862005795835 0.3387213724947923 
0.5961433572494903 0.7404804567495381 
0.5781351356433776 0.8772168126634179 
0.22732133763932055 0.06396161836109582 
0.07887974970047457 0.592693202599107 
0.7097355925111033 0.44733571987610676 
0.015527887420155762 0.6159079664311093 
0.1880944277237196 0.3727803633810943 
0.10819508995965654 0.2954628071843838 
0.5236757056768606 0.1303092826336234 
0.6914235792548049 0.6848080254671614 
0.5840418471496892 0.5317316776596633 
0.3066324102093315 0.011428514577878246 
0.14362166026089274 0.3358634289833353 
0.9884709342189536 0.7926368443879026 
0.8817716154140105 0.19210197786244948 
0.5891809627467911 0.6816040606238387 
0.30934877108847525 0.6806718910255951 
0.16601250377023208 0.9878207160573717 
0.09383040945799703 0.7862711247788773 
0.086882973451756 0.03263632395351962 
0.7203122085101532 0.5493632948255254 
0.15645279268477524 0.5353788545836154 
0.16724467489701228 0.07985090430054387 
0.36836658159004937 0.7988522640952542 
0.5882592451847202 0.987752419588403 
0.674571649244058 0.1295841113508438 
0.988789054302958 0.13336169288003707 
0.0951518881981348 0.3794676181576808 
0.9216973109316131 0.8824883866892275 
0.014046088959619396 0.6771100909383457 
0.9841528436896023 0.9916847800715121 
0.28796399879892715 0.9847736176566857 
0.05696586030660056 0.9240795814234821 
0.549537315632905 0.7352383121231122 
0.016706565388529104 0.44245198654281215 
0.6396982064298211 0.15950760494283722 
0.7511220335276534 0.18101675196195421 
0.42901306523642946 0.8940687797391187 
0.26916520807002536 0.10246941903341555 
0.5551606987911413 0.965849449579689 
0.5498204129605789 0.2510306866155375 
0.7647397951376038 0.6035913480980563 
0.12728300831394684 0.420936774698069 
0.327746515360155 0.6065283710808752 
0.9897127888594242 0.3569009885368111 
0.9453218110794579 0.30474942196351373 
0.3667280544017219 0.24749885071866 
0.016033245615718672 0.04336631948194819 
0.9020486658979953 0.2538219626504777 
0.794090026952787 0.8043231155536296 
0.7042793953695987 0.7345360837355361 
0.7936442277727276 0.140990057510059 
0.23800213041531632 0.9049930017862848 
0.46036837414861986 0.1953363073096483 
0.9179105762066597 0.0839480471542125 
0.9252271820665066 0.04271583439855131 
0.6382298377001951 0.435714217056701 
0.28080158382348874 0.8726640954556352 
0.6427114643951579 0.3696789947764076 
0.8363639322918117 0.8618518558695433 
0.3546634793085307 0.5428321199884116 
0.4270491171473474 0.663078254825131 
0.8096751707315051 0.9817930520703546 
0.9839392924686855 0.621292973385013 
0.1205311034365556 0.2468772041298669 
0.33805723050663683 0.12572070684238656 
0.7861720037830732 0.10075813989146698 
0.83404620094152 0.10657727191146771 
0.6329404761634086 0.8886249520350693 
0.34717117878833353 0.6957940267414235 
0.15390763533098722 0.3680615906628518 
0.9817422393052322 0.2367730894489547 
0.6376387556737226 0.09984028705301445 
0.42379983333607213 0.9735866839443157 
0.748727798992856 0.03970453963254161 
0.7686333693620179 0.6720961872312611 
0.4164781001530901 0.7483007846264391 
0.18196910262852728 0.7464871234371481 
0.6287489456833666 0.8606131631624285 
0.6191611304038899 0.07088977434138599 
0.4398133386386157 0.21860721306675301 
0.254652573778969 0.8387618524773308 
0.4063950306841622 0.46786833063496 
0.8705261371832892 0.701779307377528 
0.299364302257759 0.2280701333054358 
0.22859821484922543 0.10956436921064189 
0.7468497301031563 0.41344818135360817 
0.2786985486848493 0.14446920957559334 
0.7194027818142484 0.1909640272235194 
0.5040890289029546 0.6460840023813404 
0.056328877604875593 0.2581491623674754 
0.3005296139441742 0.4632627264837334 
0.4715446681529007 0.6035042149121627 
0.8594372651912565 0.23392734961606376 
0.18450176758320558 0.8295854398931279 
0.8726684350484921 0.43210236423584697 
0.9492642363553894 0.20095605950420975 
0.10894721701263171 0.739734588997094 
0.7858301012659377 0.6164197629279027 
0.5349393596042887 0.31592996619408514 
0.7597864526959955 0.7685082865274666 
0.5428073080645827 0.680342478914013 
0.05822652707448733 0.014930890334120761 
0.7725498415891211 0.3606318930667547 
0.660404148123572 0.803264070792197 
0.04457617982301909 0.5175459360242645 
0.4977578527483976 0.015835823108572178 
0.6367106426504081 0.2864780208388883 
0.9250951330909201 0.11840056117005288 
0.05141411810887031 0.3316632774402929 
0.9474820890713429 0.058912282539605954 
0.0764116350524855 0.661746692643754 
0.8052389853215896 0.4160019249203181 
0.09081884004666585 0.8275977880376595 
0.7629260044647366 0.4663334054238093 
0.6555635816730169 0.7426649491952366 
0.01233456172157632 0.21517354456785526 
0.7763593903611237 0.9663154373190226 
0.2820555656406973 0.34542797660460633 
0.1615840899975462 0.4808945160566468 
0.39940081788610904 0.5956446327371564 
0.26924109710906463 0.700680140987774 
0.6440473882462034 0.20882075204796735 
0.46493958308079464 0.5156127310160246 
0.4118986230460497 0.8137093193111586 
0.44932879771634276 0.7889941156666409 
0.20095923445527564 0.14090975353941454 
0.7073188330154172 0.48147002030335323 
0.4131528551868724 0.9907488153365178 
0.05541016285764405 0.5736280381761117 
0.5038807654731573 0.8965051170116031 
0.19865239227740045 0.8668728178621843 
0.8764495974188379 0.986889531875899 
0.28594699311333505 0.3737358147237557 
0.39086474615846656 0.23194082679598305 
0.33630943227660537 0.5749566934274243 
0.37986567284098227 0.5622508217700548 
0.23027342594098316 0.018978215223809713 
0.9527111450878143 0.9303646665394758 
0.6935914366794411 0.8676556699733767 
0.7490830147586176 0.3822133623128482 
0.09145411215925037 0.47647853996839823 
0.1937764014925345 0.653156343790219 
0.40103896996384647 0.7870022437777175 
0.6357998941745074 0.6109524185107637 
0.5490659327727191 0.8908822785723893 
0.4588131195436817 0.30961479680190696 
0.5996170218328809 0.848957571798056 
0.05208778919910423 0.46769364527889756 
0.4640302938611912 0.2579033449078886 
0.5597763561680285 0.6180076229196646 
0.1517268394256956 0.1880674798451028 
0.18140282073231534 0.7039453848375496 
0.28850817644496474 0.8041051581648413 
0.3142421059796626 0.9884388424504709 
0.3445444971899305 0.276034690926222 
0.2868833600607415 0.7613821984709663 
0.33520932282867816 0.8393668887030504 
0.45902748791640735 0.40349092594442515 
0.695394192130105 0.2585084989522133 
0.9487451723317928 0.33249674512494637 
0.7686008297326007 0.8344822416038687 
0.7095326661373231 0.062428790432094705 
0.17416940225400668 0.5035800599927885 
0.5999746963874961 0.41220515218889564 
0.12368094767967014 0.4641022641730562 
0.07485365841030567 0.7056914252167144 
0.22800943017693914 0.8659149968263704 
0.6185840840828893 0.03471916250049861 
0.6328472762075317 0.5778467947011302 
0.03186267991099834 0.7529672930396312 
0.03734481884769769 0.8641005788029592 
0.8374771131085962 0.3741447048964097 
0.710993981921141 0.3736429341832006 
0.9099261098373601 0.5891725561495975 
0.4650014448519572 0.06589280870161496 
0.14582329592197218 0.6697901665794375 
0.9003343116372551 0.6661126527852341 
0.9075894779738347 0.38639870930143566 
0.7121780897719581 0.8202679534203399 
0.29287069263161103 0.5428991593241201 
0.8240428364306887 0.3258646175165517 
0.7275854622574457 0.9294511127969607 
0.37677462684424984 0.9479995426736617 
0.4350995274260975 0.3500273940626409 
0.5160913483769882 0.5974628626040793 
0.5278130937054252 0.012394545954020508 
0.534560268368436 0.7576718184715567 
0.672013480884355 0.41795690438484 
0.22409067851455977 0.5034230201796337 
0.362903348564929 0.9181131328275808 
0.4402326101688348 0.11366821513029224 
0.22113970363831015 0.6648256520202496 
0.735316334390882 0.8617990570164835 
0.08276742078873739 0.2831750874561756 
0.460812212464461 0.5627733177927773 
0.4970736338157548 0.26735149286793536 
0.714098595221875 0.9905408346771979 
0.7831054611650667 0.03397998102138533 
0.5272381621661515 0.8055627325015121 
0.6875225959372927 0.6425963460854425 
0.36476366342811883 0.30054453653936053 
0.8248193853714396 0.5758589637936055 
0.5194902074775789 0.40767429990598225 
0.8322675777485075 0.2724049674002388 
0.8749625614110037 0.47136691172724443 
0.7700419554468788 0.26312452274137565 
0.1393824850088683 0.5079281326062287 
0.6874227918270837 0.5996271685396614 
0.8845654581795441 0.6386130038736396 
0.377288184522814 0.16098834376932486 
0.6778432974879264 0.04776227151608281 
0.3117602980622116 0.6311472898032355 
0.9896648170118175 0.5458497445103128 
0.03931970779091237 0.06756834588959199 
0.12547491831150753 0.38578408095962136 
0.7846134515648828 0.8867771694948738 
0.9822395827626119 0.4784613770693784 
0.5667863389640896 0.6597241555196529 
0.07566270887316573 0.4208469267787767 
0.7151264044137096 0.290993246558054 
0.8200279596245195 0.7410198737724696 
0.8890537891688834 0.9345561023840283 
0.12029432369988735 0.7961655408149718 
0.8522652074947654 0.16983001160346534 
0.5701141003743643 0.29317671489193514 
0.3724958064706897 0.19008372097725545 
0.7439667448540812 0.12798115792048903 
0.4364858272502489 0.9487811208574667 
0.7266751351924219 0.24320066210440383 
0.5858469946587845 0.26564953168965644 
0.17960466807269854 0.19696918185954881 
0.03579393889135085 0.7113666677356151 
0.876381883720386 0.014260159961592245 
0.12851351636136576 0.5740363050524142 
0.12931201921821756 0.7141665383968736 
0.41895554795407414 0.06945204867412463 
0.8567943861985532 0.5988637752349923 
0.6791463500491207 0.8934137459446263 
0.8568048030202773 0.9323400755123605 
0.6661487097368419 0.07534016329559468 
0.5004668462380389 0.1532736695434863 
0.5522503072707048 0.15271822112596323 
0.24606629979451466 0.30103208435013307 
0.8639159117992454 0.5086703944476667 
0.3440884555270777 0.8776681967691535 
0.19233910376980623 0.6071831923806112 
0.3409180591625446 0.09151471110643766 
0.6592642010242757 0.8429893932664154 
0.8291459289892735 0.7895387393587341 
0.9788169360160182 0.7620496166809065 
0.6636652471490592 0.9325207034579237 
0.45189462626582216 0.6296710569426811 
0.5431988856415054 0.03908524406229047 
0.16450742002567081 0.8175469100957731 
0.7969063153131665 0.3878766481186834 
0.8063971366670215 0.6745464370298312 
0.8806749496140847 0.769655077056115 
0.06370548003490084 0.18352130555439977 
0.4965600261210271 0.5103584243740125 
0.3908996184375544 0.8639772531841625 
0.48885735010748554 0.05104828126793404 
0.41736819778385975 0.3881016243454368 
0.5562809344272615 0.5111018528936058 
0.5899704943470555 0.3280638739171607 
0.4038468645097429 0.29432216293759333 
0.4428183436193337 0.7263699520834899 
0.895474051553856 0.3488431055709607 
0.5434307427590861 0.4776343426399159 
0.8458799776622288 0.06777479736788306 
0.3050326960300186 0.9007462603919695 
0.22653690838845658 0.17243556830732953 
0.36128510729787267 0.056292525680802785 
0.21710806633199703 0.43729369709066357 
0.25854321367696675 0.5910209692995749 
0.04554423813287989 0.10377601269572029 
0.48332525839829416 0.21130681353726138 
0.5799985508852459 0.08496383126189933 
0.21859123799935926 0.31303037452460475 
0.6883746080886486 0.15984456047228401 
0.03523037832186399 0.9391445279315301 
0.8743587202383079 0.3944094913615176 
0.2776473996273129 0.3949418911935778 
0.33921415829409274 0.7757160266688965 
0.8059046541631796 0.007089052144636343 
0.5754942576129937 0.18967390551446278 
0.7808359987714455 0.5274258469113681 
0.9645847391497556 0.564775368126997 
0.3673898102427692 0.70872899156869 
0.18596770592742096 0.44901321354096546 
0.30561812694918966 0.4081712195171191 
0.8800110731357137 0.6097344535057745 
0.3811796340549395 0.4114983719496735 
0.74354597514537 0.6488524260856581 
0.21425078673877174 0.7847513491188277 
0.9236747048025605 0.15581764028629774 
0.6736956897634093 0.23076141991298116 
0.3001293450188335 0.585823088299082 
0.602163432365858 0.3771939759639493 
0.9878589170271992 0.01330677519819129 
0.21070527472018108 0.9436951373284392 
0.7466840184949932 0.3409606816613384 
0.5674074777239227 0.585232640108665 
0.8211278042672098 0.18024706180882394 
0.6162077944201229 0.13522662429039367 
0.880140255096883 0.07936302452786897 
0.23456074888927936 0.7108011776556766 
0.607065579172895 0.7700297808288539 
0.10188048062951033 0.14362211363418137 
0.8077152807298835 0.2289000955672459 
0.9516003974919527 0.7122179003380382 
0.600332723055262 0.5584982581024951 
0.1526747498522978 0.22322119274403046 
0.3027468593626155 0.2663903697897767 
0.45465254738193495 0.46368800369575547 
0.27382237350877037 0.20345543780115466 
0.2786010706844508 0.06356182634468521 
0.9769884796851851 0.10047399303389937 
0.4887782130097736 0.8615058882293638 
0.7106816196118465 0.7950129156233646 
0.1251761624086838 0.6256607614887537 
0.37711715265447654 0.6718881254554285 
0.15209509932987797 0.042167006929639594 
0.09663490575845174 0.9343782509527158 
0.008093768613257724 0.7576795481271293 
0.09512673461925908 0.8859740672764455 
0.2048580747000403 0.0810527921241056 
0.4871195392719156 0.7641862913725395 
0.8006902447894879 0.44541064997937163 
0.2237416320539169 0.9811382202277017 
0.5967349293770589 0.6039693816112429 
0.985027876337462 0.41157829122976486 
0.9356757507979312 0.5271066966151962 
0.330702602257385 0.1928444171530122 
0.6483975813452507 0.5209958165939854 
0.7887444855566563 0.16906010384993442 
0.480854643295801 0.32805479989056846 
0.1877079741665847 0.5487322345573332 
0.4606281410051358 0.9160794109854478 
0.49913831354724364 0.8121209641587488 
0.7756886015350903 0.4169964053788753 
0.13888512460290314 0.8353649117261899 
0.993101448768168 0.29652917148590274 
0.14615291134341646 0.10691048531100217 
0.5877191176000771 0.9347833679894171 
0.09597904111536182 0.0900824035812996 
0.4914789734082739 0.5902626947004173 
0.9588778509569841 0.8715462101010344 
0.30455287398408265 0.777962282917597 
0.483178177346054 0.7831500213558111 
0.30697021166947597 0.708049194229872 
0.6674166844298113 0.4722694647782397 
0.04258446181084197 0.6591283604157949 
0.6090645263701897 0.6607654315645859 
0.10129416263644575 0.6324145867443897 
0.8682528431841736 0.7370868726444904 
0.7395602067575016 0.6157198454054102 
0.6130331831958331 0.5030824366758314 
0.9272406600594698 0.64919329541459 
0.26877334678419756 0.30568005411161137 
0.10100102231327573 0.9705576459621714 
0.38269571079387577 0.7289364202857791 
0.45595667503446385 0.8423130515067632 
0.682556444288843 0.36276972753965353 
0.9605983121039747 0.3646382944009854 
0.48327382638909433 0.43607097659544836 
0.5092910268105296 0.3745762522222943 
0.7746097379214636 0.7094273528875914 
0.24417960361704705 0.44672026029012213 
0.289827345953494 0.03383216750706308 
0.7560127285740759 0.14999041958507725 
0.5444184796106647 0.5802107284899806 
0.938543703109082 0.9641351560787303 
0.15539120342189228 0.7392129813368797 
0.9838004831302063 0.2625270533186439 
0.9529024711118523 0.5014791073797779 
0.8689820186581334 0.14042317439135404 
0.5059629052085891 0.9260049384610953 
0.8191618916973131 0.6459008980445069 
0.47357765298462867 0.6843845182377718 
0.14336815169402733 0.302066523491297 
0.9620984250784871 0.6475616763435436 
0.42605003052683754 0.3229659783371902 
0.010487640285408217 0.6417271356039291 
0.7150561678156743 0.08656638577977849 
0.6729992346544937 0.022694953144597352 
0.24742035344764135 0.6497150919171998 
0.16811536352737994 0.31162698062491384 
0.08899857320960342 0.174610638330425 
0.6309741121373817 0.6794157255241395 
0.6898847345687522 0.20284927098276478 
0.9008554554447727 0.857643714475145 
0.6897549148632311 0.3940971260553703 
0.28058343723212015 0.6346226533628418 
0.10436040929246748 0.4449322262776756 
0.5612226748709391 0.1115701428464661 
0.34184978752029277 0.49971394121792545 
0.07719783847921147 0.7573727535318294 
0.15253542116537389 0.4528867993968863 
0.930544809529885 0.7490264577560863 
0.016780199935007956 0.990223204653513 
0.23054921317679633 0.2275128734577812 
0.817657687579614 0.4932556270876713 
0.4733446250585455 0.13204458703638078 
0.7044458116044421 0.01082587397549123 
0.8049298526586688 0.5981554684731819 
0.5514411397405432 0.991576935019163 
0.9088868953569162 0.31315489576676864 
0.012241674146573733 0.1071240636211207 
0.37774309774532233 0.44375941688736736 
0.6341207296876934 0.18204694096464413 
0.45456072901794903 0.28344917868044983 
0.3435749130504199 0.987912700608593 
0.20324773592348783 0.519485213484674 
0.9043644268723126 0.9563534683904432 
0.2667182333700913 0.17363923564837103 
0.5289038726033419 0.22081968930958368 
0.37584071365650895 0.503746995145997 
0.9344960828773985 0.17561855856072445 
0.12791205796438576 0.06967694167350769 
0.33333338756537856 0.9376253561648378 
0.018711161217036754 0.8112884336408815 
0.7326262945992779 0.012350069818744036 
0.8058445335110815 0.05990256118883497 
0.867838245004411 0.20982192347649592 
0.25288621445637116 0.9906058345183419 
0.43810252982457404 0.5837945948732474 
0.5691006621911795 0.7915735574879212 
0.9428804440485149 0.5486820585165734 
0.25724455593554885 0.41460368132391257 
0.6364061563545531 0.2486306772758412 
0.9236801081182986 0.22096167145638645 
0.25059160202541997 0.3744843929596995 
0.7943538053294483 0.255469570016522 
0.5853321332981405 0.8255604495087336 
0.7941026513877016 0.9534430021795127 
0.24933069536239233 0.5414202077620426 
0.6877263011667685 0.971984068906296 
0.44666829818080234 0.656001546878163 
0.3568023215999703 0.36903700061227396 
0.26940275413780956 0.7573110730314652 
0.15580684218205 0.250859716236956 
0.6840463280660125 0.5683160481338853 
0.9396527837344195 0.38188898846392116 
0.41507605600659003 0.6854504480682699 
0.013872916306274796 0.8394965872601106 
0.013276839302980847 0.18416081977326848 
0.13976508177883268 0.9141199863130964 
0.5089232040024229 0.30060561049281437 
0.11381014445266124 0.215639121668876 
0.32824368143165666 0.0709761366617861 
0.6767087583231377 0.3370129144767734 
0.7865021576667868 0.33275013781696716 
0.8646021849978689 0.3277928143387126 
0.824058579299809 0.9151693434835092 
0.012015275169920236 0.582946994142662 
0.007909756957849068 0.06752397649908104 
0.8183035434340737 0.29947271003332043 
0.16245401996622344 0.00984797929907405 
0.059389520894621683 0.8840898004727716 
0.8979293091731495 0.5154366303361413 
0.34208417356795795 0.6363288845754203 
0.9631601573980957 0.793469120956419 
0.3434751766612297 0.009624075712560853 
0.10629562280138216 0.014057807590578897 
0.20033889597098076 0.2575009409821325 
0.3925792108472146 0.97758809888883 
0.7621307842533853 0.09161172047240262 
0.9237455735049085 0.796856286116844 
0.9596558931452581 0.5929874516822939 