0.7852539448128846 0.37868341086566
0.2660208085150545 0.4297402470534927
0.49164514401904513 0.8714332174480439
0.37426743742499036 0.049751455954932244
0.9114852748232143 0.847447370103753
0.08825450453429312 0.9500076422244232
0.7108746117923619 0.0833282693128286
0.62117568965517 0.5607130837303129
0.5057889674637267 0.3561532600978953
0.35908549946205726 0.7176898546363756
0.05027412981740054 0.20555666303751796
0.17443882485873075 0.7138762893898275
0.9816377525876732 0.06402148649147521
0.9868569552308384 0.4548333101896218
0.7884822265772065 0.8573593513864554
0.8008969960561175 0.5723550012992201
0.038114055557542104 0.5339609186155158
0.21401390458337227 0.24569954688498635
0.6167484252674249 0.2789358185372759
0.12161770446661774 0.04173371128802872
0.3740526477338841 0.24156460100924282
0.25885009055841324 0.9699463811345261
0.8286520364856265 0.1851892896426262
0.9540713003527861 0.6414480343241671
0.48701714424472 0.6130730617852478
0.14643053864440164 0.4686263923375133
0.420049214264826 0.12532118572109674
0.5562569804217178 0.10864819136925374
0.593795827648067 0.7558705944536447
0.30061029122877236 0.4996154220242347
0.6098579135625373 0.8615516683366602
0.01582943445079482 0.7406678382344136
0.22313635181269914 0.7697180529921814
0.9211809939542445 0.2816161454416081
0.707213385441226 0.6781989315443518
0.0973309619712679 0.37117386905150995
0.4327137507239993 0.9678542407108943
0.9160239127063639 0.9722651490292262
0.6892080782954294 0.9340246803611947
0.3633274295683093 0.5895233214433789
0.8705242620836958 0.7086818431903621
0.5608897983592073 0.4558947262077558
0.41580092713455274 0.8540791982008338
0.3646524721336431 0.3752676613419601
0.9152284911091793 0.1417821755003567
0.6599364971155715 0.42355668033152444
0.22995278477983616 0.5409974802157607
0.04587131451101423 0.10765091051820003
0.11985192281858714 0.8437246576715302
0.7411823628487553 0.5022566473391181
0.7544543981378437 0.2261310204138478
0.8385341427223969 0.050942288844581796
0.5500111432853659 0.678323083750609
0.3053455770030318 0.821839439211747
0.19127225174491574 0.12872554645993145
0.2765435784438803 0.700859595521918
0.2943055406311138 0.1217613721465054
0.8707317779212016 0.5687597283086342
0.7005425448658704 0.7398378014457803
0.5008828014247907 0.24074236445079256
0.15251432918876207 0.5857882410458681
0.9312893799980994 0.42493821681663546
0.2582348214519561 0.9118640480788174
0.48624434046357534 0.7797409480091526
0.6558341420884959 0.11319231099801763
0.3987138064593706 0.5040350773269591
0.6021976446473651 0.9838571612186039
0.5389122798616978 0.5620870519030292
0.7888676754915247 0.985859611383312
0.012677130094049027 0.9119059745349551
0.8210750982660469 0.46358520224876243
0.957357115654326 0.7144308353745193
0.20492278798841929 0.32983232382883776
0.23081058275193533 0.017737522379255966
0.8930749979793484 0.33605859439794833
0.01604754643917189 0.2945685446128501
0.27654964283058303 0.6159056105821055
0.8260076994703389 0.768243441237392
0.013119075867007168 0.41395037304412263
0.035230804242113 0.6454234328944247
0.48509925941046883 0.011276349836763344
0.6125025737288949 0.030853600394305514
0.41371217857136483 0.29877934427424674
0.45621920878832206 0.4911436619396418
0.2765101991371644 0.24906797583824564
0.12327185179225453 0.7174566141418428
0.675279405511529 0.34014173557246624
0.6726659131025968 0.8420654959438801
0.7619816719001685 0.03805281861294213
0.15173113987091663 0.8918498679403057
0.33491624724611535 0.9404693706681857
0.07074593156123155 0.22721327006963182
0.5823667266091369 0.2193629192147502
0.43236489308811576 0.6905893168488115
0.9822971414518503 0.14994821418292376
0.9552539875913069 0.9176629500045952
0.8022053810323463 0.25649099040818923
0.010609974258044663 0.01258645587962709
0.5397854569912021 0.920756541934342
0.9862676804828656 0.5169763886624846
0.14580486408293036 0.18875132433145925
0.32303421431269375 0.31083361246227686
0.6900222737772882 0.2732341904637879
0.7649953687530278 0.740489239542286
0.17492625833268893 0.9675308179771422
0.723762096509964 0.16077612807204839
0.8647754279785538 0.07771563641782941
0.5954822019789976 0.3865015596379729
0.8979334809293373 0.9059960892322825
0.11610842260520893 0.25909139860576624
0.9557026695793821 0.2354633185163822
0.6387879411085803 0.6736621999014066
0.44898686594509485 0.24665287194385566
0.009403350566882684 0.7977235427642018
0.7457073804104346 0.5440343951436654
0.799092485215148 0.6658476455183101
0.22659795524127568 0.610072623115414
0.4830592398461029 0.9583884361743307
0.298270860508523 0.17682310788515088
0.928950865722125 0.5183476674678134
0.4804881803699526 0.12636459730892063
0.9842844992447543 0.33714186863459694
0.9789063365939341 0.843345815501988
0.30456889380783253 0.8758468361103091
0.2008633276719501 0.7956249996389544
0.06219241367237527 0.4546651487956297
0.1357091548594337 0.39156427417958284
0.2785860387865067 0.0554022509416941
0.8417778752519514 0.896127668894551
0.22397573909485669 0.8553892914518527
0.43818397952692906 0.4166584084317203
0.08447182222029209 0.1526693098135246
0.6017303926764809 0.5023967079626611
0.4796872658670659 0.31012675107232446
0.4259798883069299 0.052096141057065115
0.29511430918854364 0.3765464053703469
0.3369599745620189 0.4570714389426065
0.7725572665126962 0.1337015508972506
0.9254216537817896 0.014570097801046178
0.6660814188748158 0.626093198936556
0.3181718781786093 0.664832933555716
0.42647312642756857 0.795847287870145
0.7540677994665352 0.31369237648294807
0.08371054810560546 0.7028164427664445
0.514843195106937 0.29764475619128916
0.14565042667901495 0.10392146983410178
0.7533011293705192 0.39892737529585265
0.18806614488610618 0.427509617124607
0.1756036073714502 0.6690283567901641
0.8748228558014568 0.3571830763619781
0.6151050085406627 0.1931774359995661
0.3648220027717096 0.11017893582527177
0.9068255000410521 0.6775740391339092
0.8843982969096169 0.6355862263110933
0.894258013146898 0.19473736951200105
0.09815547735889513 0.5089321034832541
0.4486980624600092 0.5580808906878787
0.06152304287603927 0.06224797080361527
0.6527495523113584 0.07105375395564001
0.3711584221635219 0.6643130062120676
0.8776296574122231 0.8268243540551707
0.8774703633829863 0.9898101476132968
0.6713832593854034 0.7694582486093589
0.7227014309444112 0.018084897830891622
0.9816793676287925 0.8151764969868378
0.35025282373127153 0.8924910623339826
0.20045188281791876 0.2851913356232273
0.11041874980079058 0.6165021386215812
0.018764719010997855 0.9840974817949828
0.05779891910840418 0.7684659636695105
0.36293212564780364 0.7657942981914565
0.42287314041538204 0.19669361323547402
0.04320875381178574 0.8605048506370672
0.5579220968368271 0.03808214930934167
0.4408212513983672 0.9315552418768713
0.7046093477680385 0.8491584200826335
0.8560063321718498 0.526994078674925
0.5083962770993824 0.1855706268052445
0.6864778558065904 0.9810796208820678
0.23565378191567465 0.215063611591369
0.6520334322276115 0.5025507362944117
0.6535675545131223 0.5493513899471313
0.8067572859172846 0.8254680019638487
0.23895914617873143 0.46799077600187067
0.49952197995494396 0.7008428045588757
0.8341454356702291 0.4143301343442338
0.5738959785212547 0.807548128017352
0.9778882990475521 0.9788366864675472
0.3723606164266071 0.8412186227196192
0.8348929916394778 0.25950199960634557
0.9357614222077506 0.6092741204761823
0.7322491260003465 0.4345850008977755
0.5759649544628112 0.1480319212617393
0.8221576355235853 0.31513983045193245
0.7060866984961808 0.3648170907641426
0.20029337751938842 0.05733771730609233
0.7099756185261413 0.5828668381438529
0.348585034924478 0.9834057368897313
0.9317652887227394 0.7813782512267365
0.5896524910483774 0.639497987779061
0.1139440836245928 0.9250101236264496
0.4971426415019478 0.6411256744421637
0.5203701336395233 0.502279752260374
0.7384917567472918 0.6302910654821419
0.11978645788957593 0.8012642915562519
0.22366288105063126 0.1552686526444529
0.5871191062776824 0.3305054205625939
0.2725091958199035 0.3237659491264955
0.6004408402529248 0.8951406647652638
0.08498687865027582 0.34748810152470627
0.7083023971062407 0.8862460806001574
0.052677983689698726 0.6024078576950433
0.5900316695881028 0.5936842632550198
0.7385856875148098 0.9402224229882079
0.049429227116468355 0.9393585796539892
0.617986605321668 0.7185456579360089
0.3004703911137395 0.7581894604922117
0.9634859465204506 0.39727039209726406
0.7710122484407234 0.9283055703557869
0.5192791642265177 0.7693186958200741
0.33766550647489063 0.5455154615274178
0.20360617666390818 0.6809908772115714
0.9217028343000254 0.08156904954082117
0.8225641747470012 0.706811995713232
0.22150784842465165 0.3787477886854493
0.17899150455230406 0.6002747631163785
0.3049182395759309 0.40329431869507654
0.7363162479236528 0.689788539675065
0.5668168048875667 0.9541085311383708
0.21102990558270807 0.504907042551827
0.7719354596304273 0.08955210760892579
0.5593775611366181 0.40120897886379414
0.010408866730999056 0.250958908383657
0.17122251644272096 0.9221395683289438
0.40093223342436446 0.38988785066281334
0.7213853550118827 0.22529966619976777
0.4652839753999708 0.07797424654890373
0.6250402414675718 0.8337737146025557
0.6454426961089663 0.870234997048555
0.8101471269948751 0.11486175403291554
0.412556817547468 0.6115455144666886
0.36157193612708305 0.27492279423175014
0.8264916081551577 0.6324409650143734
0.14747162064027947 0.35254406446991937
0.1638295001378896 0.49938624822316396
0.17310576807683914 0.04328376493806613
0.8218378917671756 0.980429519430488
0.7641403137162033 0.5084170925240598
0.06829065747087087 0.5766604103704458
0.6262803278235156 0.9312364877531772
0.36742567651692776 0.18560674107461356
0.5950944048427999 0.09755627258405403
0.10122163461809908 0.43793641731109867
0.4571769952577724 0.7519477123362188
0.8891988059321303 0.2786293020722158
0.03590522378359329 0.3632758736731262
0.30171872275029 0.5405821597402429
0.22655380324982266 0.7325601845741787
0.6840609491529921 0.30614534986233943
0.8937739611811799 0.03387665641559651
0.9261928782241337 0.48112453601028893
0.17413631264228702 0.26152987016064544
0.013072375000077852 0.47213289403556435
0.8083336554163589 0.16369669135971143
0.26451810449683083 0.17170673429627797
0.47684539504443024 0.41673528874145427
0.6717464765142227 0.018240150553404055
0.17066997893318453 0.8211769568787333
0.4632207573739952 0.45745669332991457
0.3438406860717139 0.3387723366201475
0.7298279744984257 0.8010270609527574
0.09053549672004246 0.675577897992911
0.6013139389436478 0.4639940429648941
0.46720894754171843 0.1641246694622498
0.1536225150051469 0.9871208671596727
0.4220868458580263 0.46624720415776033
0.2327730960966048 0.8018604003573818
0.9775072523440073 0.010646519231727158
0.16774824406457134 0.2940977203821755
0.7177434773714324 0.3285279339899042
0.20372220059636748 0.402046258649106
0.8598417854329761 0.45050715909468975
0.40314595550787624 0.014404120595726322
0.09967722492536008 0.049813382328375344
0.8910480973284189 0.5571427578684599
0.3181294536283199 0.0109982544372072
0.7658190669670643 0.19478286724736088
0.7072831687727744 0.465279033828756
0.633575020379995 0.332695199585485
0.9519704345829179 0.27121620032327876
0.023266106247453233 0.07239916016883607
0.4213599522286936 0.7429653811252694
0.3693426202136984 0.4848155279380583
0.4295215391908285 0.35493784998341243
0.9596058046976057 0.3073488450661187
0.3159747398311348 0.07373622981327388
0.1523765909347476 0.7790924544336397
0.02643208739468139 0.13812646197554357
0.07569938151362388 0.2951696222123774
0.446642712831535 0.8594252385779146
0.5403029471243183 0.8634675667352166
0.645823379679432 0.24380263677740094
0.9383565653384955 0.391763901720405
0.9939520242494129 0.5883757033959385
0.5688641154402261 0.542695704449643
0.9290356892234413 0.18238170889150818
0.49635674096429416 0.9058451393986018
0.5322460672463489 0.5983769645930256
0.5404218859703893 0.28515970473071905
0.4034804742185448 0.9181444719393563
0.8859647230332672 0.23336235525832433
0.048462347874535516 0.6794355089750106
0.33415050822761594 0.2344193487025748
0.5180382251458229 0.44028247512579505
0.7176342123782806 0.9827862877540103
0.7091791753967588 0.5390877188307583
0.6595928511284723 0.15910767751281663
0.4500692531688979 0.043808193639754356
0.48753293924489494 0.5524859319441482
0.8845092816683169 0.1332273159448616
0.20966520554048085 0.8866536461075385
0.12553693255499448 0.5410340028515752
0.2611887413910682 0.13853677755203403
0.8194671048122233 0.3611781654187917
0.8594199875518265 0.7667491836640903
0.04871757464360427 0.8932709368695129
0.26591568411585975 0.6730386805227037
0.7774276317482424 0.8187681263658979
0.3330136006750982 0.8119954267786008
0.31331914200103683 0.6165767524934218
0.38903253997098525 0.554346073716222
0.24234969530856548 0.25331741196851393
0.7167921404316674 0.2540913066209367
0.24576880278459784 0.07581709596994402
0.10992202779626448 0.12051942894589462
0.3383549145202869 0.4215567091042203
0.830790526516756 0.5020618574070054
0.9158361066510449 0.3802139892070102
0.05876788393387378 0.8303570589829604
0.07291226222583935 0.9900635256337301
0.2120234302587694 0.18806836834063734
0.9658252386788588 0.8717677258882918
0.25084108674458927 0.8437683414696676
0.3608418673180672 0.7985160929209119
0.13122596849573803 0.22140989622173174
0.09515118466741479 0.7843480050236921
0.8657073757463634 0.9008296329647631
0.07462208410920718 0.39001112450779823
0.9849311838808898 0.6565540897751888
0.1824033688433795 0.566805308573915
0.671955190473093 0.7418173198732845
0.05291639805989801 0.2642722001980277
0.40079268665808276 0.9787521100147596
0.5464191868352952 0.7578465027740087
0.45879689522288314 0.6338148356709585
0.679822391358492 0.39263640295591
0.20696437114510507 0.938382149353227
0.016503001757807167 0.5890453857146603
0.8970890987886497 0.41395322540452784
0.6249595904982779 0.11918491208774817
0.30194805010454384 0.9302789731199212
0.13209783876388276 0.6791186000895262
0.6664550752241868 0.21653514500873022
0.7582007799186803 0.5973333048550271
0.9214958943292051 0.900369652754688
0.45618619858747844 0.28395211701788464
0.8179335112924861 0.22605924353332613
0.5434344368201685 0.34899015141044254
0.8072241132938894 0.7373336803494875
0.8254905060658976 0.5432194079984234
0.08887562506566538 0.7514028510227145
0.43717988884778103 0.2721483581381595
0.38487879975699374 0.08517417569914654
0.6174446275109128 0.6160281459176411
0.9834827682484715 0.48636768928014557
0.45539419856651403 0.6713492544564266
0.27050907937245755 0.5437481610708802
0.5514745733119932 0.7183918405421352
0.01665227324764884 0.3923549257056482
0.6855289368369327 0.8950257588826753
0.5350884590339601 0.9860276737848553
0.81697576962462 0.020059307252033087
0.8698335678422762 0.9630488404546805
0.5714599317971741 0.18842359938831588
0.4421691413723311 0.7717325328399871
0.06980413326181456 0.52698013132134
0.5366927538295643 0.13189461777014866
0.2042246417752545 0.9926047371549733
0.265240470981791 0.481956927427287
0.9180813941863546 0.7315182191700462
0.9328542319219943 0.1069867824960129
0.654500834393414 0.39251764685077745
0.43626094219856126 0.8978008785537287
0.7411859616632911 0.09017425909433774
0.26357830115820347 0.7601110050088915
0.8908892650378193 0.46935695132788374
0.5034243564795022 0.0385221140346001
0.7608132037572473 0.47506168131713405
0.29986862323064944 0.7286422408928817
0.8835425612081607 0.8565126999599008
0.3398747346918084 0.030851001254140364
0.9615931104298677 0.5478142617345351
0.11280861031085632 0.6420769085925911
0.4616394781232024 0.2132292988072349
0.4302625304078507 0.6499837508074465
0.2170555815537345 0.09453420425139969
0.9886510137508437 0.12423195408825366
0.49460727927918274 0.48418744227452387
0.9302204784830463 0.3333287420386246
0.07545977987073432 0.04441527241063292
0.3527480978292735 0.6863457984655188
0.3582182121873225 0.6220208790555553
0.6788706001216446 0.6942669185753616
0.3356123290494383 0.16232110951701517
0.2812082234824977 0.4601582816394862
0.020430656402838754 0.19446013282757646
0.5175567846990861 0.672483863883598
0.5462948429738169 0.0770490034488921
0.7470773063607046 0.8681801732486646
0.7294955348991445 0.11034401965853458
0.8526975437463129 0.6433708081773064
0.8703440223068319 0.17328519405776643
0.9533525849001125 0.0344326880599663
0.6036217200536207 0.4135919277767999
0.8738927924691173 0.3121387439622323
0.5782317021714016 0.2944286838060468
0.6447625998444706 0.7338443988927265
0.5148232616272953 0.8176233967241787
0.4049889183265094 0.3276786608471448
0.6074740081073455 0.7875212588165672
0.6180645232811451 0.15368613831389266
0.42114910366832836 0.2508788258499608
0.26159263316735964 0.5679706225410489
0.01919954437000293 0.774989032040308
0.16389949952331384 0.21616322630551676
0.9455980964158746 0.9895457180963464
0.23674282459990348 0.6616495784706864
0.14027566920539214 0.06514737750635752
0.39500687388821304 0.1460874561195109
0.6608639677566966 0.8943402702336769
0.9148180551160694 0.6401025642447735
0.9815026285642219 0.7198942361557474
0.5801672562664135 0.7078599351548338
0.28850953000568225 0.9793530946533626
0.5862798946453438 0.25968042335880115
0.14144040865262825 0.9271343364859157
0.6802602762727552 0.08962013005772029
0.3270586631833108 0.8954135040340097
0.787510873579141 0.46430677941706866
0.6977433161134861 0.7863609350779364
0.7182553383241888 0.19633484442781762
0.9466772943244897 0.15240853517308084
0.009104892658255592 0.8384414727610905
0.4472658566538443 0.5272503996217145
0.10870503772844159 0.2879771482558982
0.2446667299575892 0.34196360586952246
0.9216115265382805 0.251237246687425
0.7568281036168332 0.9808406296295716
0.31326868851871736 0.6964077662825465
0.15584260539357692 0.8562480714380342
0.1334480998158954 0.1602303827125492
0.31214201210930387 0.5781520434651785
0.1182118659077443 0.9819143490136673
0.8100660126416199 0.056576783636473504
0.2860899326606986 0.2863878992460971
0.7437339089498106 0.7723355034246957
0.41905514452163745 0.5752847805945974
0.8547251299197942 0.9313550970829025
0.3752018389373057 0.9670954856334556
0.9502653666736918 0.6806598883991778
0.10698935382476005 0.17456509774108175
0.6939644713660904 0.17008181230334818
0.26679615608094287 0.21828692154643298
0.8798049445278979 0.5247115416536283
0.23282102651088699 0.3181639609499125
0.625802512961444 0.48700273088291784
0.4683988567332217 0.36907635637750325
0.24815437384248537 0.3729692852274813
0.36867058010686093 0.4427766530146465
0.08145346365483686 0.10542432188230566
0.06649255833884943 0.6529628144016312
0.9873866706797361 0.21907367051773663
0.9125669707511717 0.9277586826217399
0.26514423766478407 0.8686384721395028
0.9559772353761826 0.7606375357936819
0.11768438433194811 0.3567927564942846
0.7672507442613339 0.28713267077234245
0.6685304949844236 0.5840421819832511
0.5268167573863005 0.40361227993838467
0.7779666832441621 0.7910328574060396
0.6386980849454077 0.2975964946691598
0.5667544617299808 0.4819441879147935
0.5693874479090303 0.2385646906909703
0.8459857106894101 0.8258354760177282
0.5125589028073493 0.32811394584237646
0.9845964135277001 0.9284098210619822
0.019820110104460997 0.5010395180941627
0.5005250532785669 0.7329094497351715
0.9014591500304954 0.058504943916946994
0.3510371892539842 0.8687022829604215
0.10273837903085642 0.8610978449958746
0.7108128996775466 0.04879592389759363
0.8533208362865272 0.11958973651209465
0.19281554029291842 0.009755973646915606
0.7154258365833008 0.9182340535472735
0.35155240328869686 0.5096507880158607
0.7676918035837048 0.6410705479619745
0.9478406442193652 0.49948145887672346
0.18344359264682486 0.4688880962059905
0.05256845607653848 0.7000173462944936
0.31482590033212576 0.33341943548033703
0.6864833161166166 0.4475208002068665
0.28982699673074985 0.7889111425871365
0.36502848940607874 0.3075501433437774
0.936743462022777 0.8135136492682096
0.6313003228821961 0.9717493719663455
0.5199018588172984 0.010784999234996928
0.9651147764506343 0.19526106070751947
0.8069557983167117 0.9532389005627582
0.7914852032012456 0.7032311954447799
0.8116665763837227 0.4385185640132411
0.13042196205493573 0.4307443562422037
0.08635383032092964 0.4753648813745406
0.1831762967631766 0.16126632260931495
0.04251679043838108 0.016651930347607813
0.5854007498779084 0.12243726420510714
0.6275537759968076 0.012904073802012639
0.16128727189510444 0.38675000583143837
0.43651135787247336 0.9920178651023002
0.19961511017650596 0.7463932644153399
0.008211077619148133 0.7043500467386603
0.44551570910963484 0.8177717633922545
0.556484917642829 0.6335339518235142
0.7445667241993746 0.9020278663823844
0.24809067008168728 0.5075090468906028
0.03824602017858669 0.9678920795154882
0.3963715049378709 0.11144692210812418
0.5562073667632028 0.8849241814555135
0.38658176296194 0.7486523150706303
0.8508456195305993 0.2339006056002073
0.8595611490549355 0.6016771168342658
0.9516923209524091 0.9686019052603662
0.5775200984932352 0.07904750499914953
0.5936936514630476 0.17821765801582934
0.31785676239643257 0.8550693696262914
0.3990584500404765 0.6908877183410871
0.14408790035327979 0.24665717386553815
0.5568010845075521 0.011640940304727898
0.4361923361558772 0.7193370401662862
0.5619476059172308 0.5848788411382665
0.30498700844819127 0.2575713909983044
0.7853854256414935 0.3183171261206259
0.5277991684071083 0.15490697726151542
0.8294113772162383 0.8750790902668801
0.7219003286207635 0.29452593390688464
0.008305644563960046 0.37141450161096057
0.5066298435774569 0.9350286928485787
0.631658076739492 0.6447373863478236
0.4748815321687728 0.5808609162893474
0.6551203928295153 0.4611420986810265
0.2710882570168787 0.028437910009023737
0.19529933555383222 0.5269450965594398
0.8582346074996935 0.26474166479196803
0.491091972984413 0.2854762452321823
0.6217237110818787 0.05778366759761028
0.730954415290588 0.5672494174386501
0.01790794912709709 0.9474909417762581
0.9725264340794811 0.4272572298583829
0.629980679940336 0.44332496364871793
0.7758737379691791 0.5445474719427577
0.3670278691758594 0.015621296442749455
0.8432512229561862 0.7265543362667839
0.4771406583679667 0.5220915418953768
0.7588983834412102 0.16300952458495999
0.9861353105571742 0.3000985307388733
0.04201658898078153 0.8084142169844941
0.14538930043317422 0.6159709455070224
0.5877981092721961 0.43150039790581773
0.12338421108957892 0.013814758950641437
0.44777798275200326 0.30671700906498245
0.39568282886188266 0.2151702662738995
0.3901058256073697 0.8656707457029637
0.5967999679013445 0.8275437391506979
0.6691860110422033 0.7211521006872674
0.6919989504637413 0.5123101434525518
0.2062969149549651 0.582947230446406
0.8927541127937125 0.7519507979772899
0.28255354374422503 0.8401155900986239
0.05511679882341397 0.1563164756903771
0.17498813866980495 0.32414142777905003
0.33130434476897075 0.742409652576017
0.5830267681177403 0.6760701859567226
0.472593058727729 0.8466082694967216
0.7334051341997008 0.35354491221812123
0.23664309248977505 0.4181239652353868
0.34148817885694027 0.09270453758055414
0.4221905141475771 0.5431894752619746
0.11948840453460324 0.9557987341437186
0.08947390384886655 0.5952341587614802
0.8105849291044522 0.08592447452677249
0.3283043488751859 0.7763649788065073
0.33786752581105584 0.6442207465641876
0.787291963717242 0.21623265632662564
0.3945145199545973 0.477506839276801
0.12492129909548633 0.773275174859584
0.42369458648187835 0.0831122154194962
0.8160287909268422 0.9177715491197952
0.09985935671284396 0.2364801251581044
0.8888009278184748 0.797241521431652
0.1954205456569743 0.09338877225058362
0.51025597029522 0.07220370368917972
0.6888492989366011 0.13093482279445412
0.6014977054124553 0.9482342706310389
0.19645442760156795 0.8404437040664816
0.10368674305154962 0.3204432060320165
0.9912200652611933 0.4026263258025694
0.5493673640517575 0.17046465369937536
0.5494281817758773 0.8286899251206199
0.38975865830785883 0.8043860593395976
0.31941211309239903 0.9713997473221725
0.6832917586667849 0.053636843042939975
0.9548414308231408 0.4611001798962375
0.07585920109654437 0.42338292792882254
0.653125757914448 0.8277284481529658
0.6395513411846538 0.7757907560955046
0.25977974619990385 0.6362425727170897
0.8018901033920465 0.6335564120758935
0.09318681838913978 0.9094850336582279
0.6574103840662519 0.9904062130405242
0.014418911054348671 0.6379408884537312
0.8274641837836645 0.38564437311914923
0.9034979260504215 0.8780394265947172
0.04095444803499343 0.04171863715346513
0.6620948386828912 0.91918675694189
0.9817456808823304 0.6243004439909652
0.229693282700503 0.2843068951682699
0.2652933134526516 0.3989852991008353
0.46245355456701287 0.8940038929950327
0.019922639657350083 0.33996399626450546
0.8810751414813951 0.6703443896072873
0.5254341741844505 0.8872580131418444
0.11255287323643509 0.5793307477656229
0.2414621936593197 0.9855538412511796
0.8289709156958157 0.13204851932723188
0.3598264795288795 0.2149338890462275
0.29147707390885613 0.22236645383819886
0.8191630984104388 0.28058143932873314
0.5435559293841868 0.48580063381812844
0.27329312459505806 0.09113419521247718
0.9456794178577016 0.8438367914761806
0.1699099686543914 0.7532659577018747
0.07396432946679604 0.08445982095799359
0.07096844462209617 0.8509985244675854
0.047164603883643796 0.7344291058783726
0.7331063060714716 0.46323002391178936
0.8083224219183678 0.40602058971878446
0.22749875300869282 0.9198383704191515
0.3610058282814199 0.3965509478720682
0.9475691570259495 0.36843907128799347
0.4320629635058342 0.3827176554172019
0.15421816750643985 0.695062777011888
0.8978870820841631 0.6127535016259618
0.20956772472076257 0.7091571045099363
0.42338651204993866 0.22300298421285147
0.5753870297480401 0.7289033887818295
0.18276291919932347 0.882535781322613
0.07980959336761517 0.18856225334953997
0.57014322124451 0.8428388984874859
0.2672811367037117 0.7322479089763368
0.5397563801837193 0.25195505621738123
0.8174292021603251 0.8469885515319069
0.6904022033913486 0.6273546180170689
0.9549257383962987 0.08549115943045055
0.1882618346935127 0.3524975612801451
0.08663145710381498 0.8156887228912129
0.906751650637603 0.5321839054277866
0.8470850105491772 0.015544161319788086
0.33281278131650893 0.482669868370612
0.6404733023840778 0.36284830606765994
0.8154037674705891 0.7996180577340192
0.6107108609709033 0.32364413581854035
0.16454989336760706 0.5388677190792804
0.02753398479703484 0.2686192548936025
0.9303469581223229 0.5782239309717587
0.39448857804968795 0.6352484333051839
0.78035401886117 0.41304129081961005
0.06992866060204006 0.013015311117766548
0.5428562464324989 0.5260905452071135
0.7676790757846454 0.6723420330854267
0.5743464892187581 0.9188437316163074
0.7769475248118078 0.015079483340843136
0.11037856702894244 0.39566272022140203
0.1474685162463341 0.7314259293632359
0.7426235110927768 0.06491443074672043
0.015366109987559162 0.8809160932875233
0.2892922653018537 0.8983438120030321
0.12153648826260732 0.8895403677594681
0.2418919993453862 0.6995486234417416
0.9106350873515372 0.11862828547039067
0.3363496733349083 0.5987039444415534
0.8568156508903662 0.20329114560180617
0.8384670950110381 0.5710360453579887
0.15131020496156655 0.13670074332349968
0.47811143207270523 0.25767280875188175
0.9834003590414193 0.25543726255624744
0.2730680163000618 0.5214644062578002
0.03622209338775567 0.5678025859840806
0.14645133569004687 0.6540307144041575
0.9384889629258639 0.05177917822547612
0.5034517042936854 0.2160666378921116
0.5080045746958599 0.9837440157524175
0.982861024456075 0.8989042805827481
0.06978551462738863 0.32787391044027214
0.24502925344806886 0.11644123632819808
0.6792740987301159 0.8702082294528548
0.3001647567282195 0.4280730763586112
0.9459989118168373 0.8879866128119274
0.6045058704758169 0.0676188735223599
0.3901588672857935 0.27140607531435235
0.7185132287239391 0.4032547370932014
0.8707845525949537 0.492933196935913
0.4478120208667855 0.10303414878370187
0.7207711366693913 0.5066801110564862
0.01002778356268419 0.21666439112374952
0.6846907511793741 0.4834601899760955
0.4119997755329034 0.43493144048170984
0.1639059984828909 0.41511959064503057
0.7583978071346738 0.34967908434630535
0.10616459991460214 0.088207829279914
0.3138667892225607 0.0454575496189899
0.8452776806233357 0.6817654528965507
0.5073531746356088 0.26678577579168783
0.5753078555916779 0.9866520409880587
0.6072345892723339 0.22659174701131501
0.6993305300041154 0.01595976289730383
0.9292401469746219 0.21574523794271366
0.7682262073216668 0.8839203416634592
0.5230702555628858 0.632330908402098
0.6680306381347713 0.6654553618084582
0.33909326922797994 0.2607699927140005
0.27937670473110043 0.9405000760535738
0.14998454753771095 0.9523120564359076
0.5275778671007674 0.3739431780615862
0.959334516983276 0.7857454057015985
0.43914182271385827 0.16865367347785915
0.743509827623717 0.030652072100270655
0.6421023370853884 0.17683996433381516
0.9702534408076728 0.6013058489751821
0.45967116013680775 0.9566213770031853
0.37862972997481165 0.9374032116432816
0.7390345893886586 0.3814912624313573
0.39914571167361995 0.17418606743610576
0.7936383764752477 0.1828309459545846
0.9128984143447623 0.4485539001732662
0.3728016919211423 0.5184506356587845
0.13909976240023997 0.5115106097409432
0.9442730641217465 0.735944553142818
0.8355969623799531 0.9444608685841289
0.6443590725910279 0.7010476257321928
0.53148425422903 0.9538072052431901
0.7834786637262852 0.05418197979320655
0.36787444729936625 0.14524615942634678
0.6359904414778477 0.5762563050664182
0.6217210149975698 0.9068498216692963
0.9904633817218409 0.783228601801149
0.2348031522520332 0.8262101018836974
0.7810425519650495 0.6084548847635245
0.19507311552977774 0.220616386984596
0.47684594689837206 0.031303039606503213
0.7281741372610029 0.840981546175262
0.40143497190315025 0.051220276677012455
0.707463606165166 0.7594438717319136
0.715794717379859 0.12883288202665255
0.14238155927762175 0.8135492239025353
0.32800501771025725 0.35893374853531046
0.9140923102789873 0.3089912765201164
0.4805161453388315 0.7467757488293605
0.8130328433656979 0.6024724962442192
0.5489583662758004 0.32001237769941365
0.9799857117644412 0.6907710575755377
0.016599908971019817 0.6082403830468782
0.009349451358830918 0.11451574768113587
0.40386216776737427 0.7729956708498378
0.4856168662604121 0.3908970110852322
0.46770520436732355 0.9864849845175023
0.5289005488203785 0.7256579941936276
0.30504472206273553 0.46751762957617166
0.907962216445432 0.16719615115227748
0.23501708788940207 0.57264344064282
0.3258858514200349 0.3881144173975993
0.644585238206151 0.04804553390823324
0.8492973317587102 0.3396513141541062
0.5387482061657087 0.1991776218340709
0.9314268422894192 0.9375423180620329
0.4274949670612859 0.49927124094083314
0.390455790207495 0.7154167518816599
0.4491603125032169 0.13716031080488555
0.6992965763707423 0.4228576863289739
0.1401898766846848 0.3239091926830916
0.7840566565106364 0.9091574489916989
0.20799942727070575 0.48037091250482605
0.6106898784875454 0.35664243607875584
0.2046443453212871 0.6577346532556783
0.38345577988315593 0.6091046663771313
0.48860975652656613 0.8119713214118123
0.3090680022703345 0.1014946950523758
0.983058401127392 0.37126056637401306
0.7555090655788343 0.7073996595934952
0.1655090980013627 0.44387493823971813
0.22492462340796593 0.9581045555026309
0.49122132189607 0.4448977548280967
0.03760958939692188 0.760100941287807
0.014862852277142347 0.4438249837117191
0.8817964260400182 0.009671702079978195
0.4661359309358082 0.7117832471610669
0.28810084358960164 0.14931899641105795
0.07318818944723088 0.13202775518829063
0.4800197394223522 0.19035973743182166
0.8537020374088613 0.1513125948924045
0.3992923704780152 0.6644487339205111
0.5713999056884692 0.3686291461276282
0.6212889816655502 0.5244444063320518
0.890470816903743 0.09688911076821499
0.17653187319240982 0.6364114948405801
0.010166067154053438 0.0457620503594976
0.21599303062565395 0.6320528791198529
0.32204269605697783 0.5153322968774007
0.9036306910209937 0.7091065587277408
0.21665505211024594 0.4456242298910664
0.030844650778219795 0.7163736676882885
0.05363397466332076 0.5017630520226224
0.8605004381312203 0.42668252968956083
0.3237883523926042 0.20402071491595164
0.4740469551586311 0.9256299538882921
0.06623273462147222 0.5521079560464626
0.7499658473328223 0.12577722698122362
0.29263911448129654 0.6482719890936577
0.09509702893982741 0.016605512350258755
0.043739793566568264 0.4295495321156031
0.24494009692808305 0.18924303009159615
0.5152125506652373 0.5578765022621862
0.986036532991797 0.17779958497965714
0.6898165963766675 0.2343903983564048
0.042740182481062705 0.9194213434164961
0.26751643604299746 0.8083663453103599
0.7751941287456652 0.24828575116831925
0.15188850085555505 0.018926304635452307
0.5805497401361703 0.8723949945641803
0.7960518504222855 0.49207392152979035
0.8368583416062969 0.09943301887606132
0.8969748659980519 0.36598109845884597
0.5148846479238279 0.8501955322310271
0.6983299930739219 0.7119476904227678
0.6574242002555297 0.9540873245949986
0.5724114677327639 0.7655104862782893
0.06537403376240958 0.36172809418288826
0.8470685283895845 0.30407794270297217
0.9104958163904778 0.8110900003397714
0.4761573127760152 0.3381375489008047
0.6834361134611662 0.5529938516392137
0.9545413857062447 0.3454089141543372
0.38231067945548924 0.8922867406798815
0.5570604526859885 0.057912388068059484
0.11465447338219625 0.4584560411000685
0.06873333385290725 0.6227129591031658
0.16812964848215062 0.08344774840063862
0.620295120675275 0.24479113993999824
0.9901218486072325 0.0346750800461188
0.009574725813246254 0.3215516464312811
0.8625970516552492 0.739627508897198
0.24063969984045352 0.8859077327424332
0.7159414262942825 0.6163155036295058
0.7470287948392467 0.828706076856688
0.33667738174269035 0.1288806591368628
0.9883500900871588 0.5519494786469991
0.6531179378960267 0.012758344877474237
0.7954649322233713 0.14057398065990628
0.6716903602144402 0.25114964476009466
0.7660965411188874 0.5711169170071695
0.7445683363382847 0.2613124491491255
0.7379131333112153 0.660604424735739
0.1999886307864479 0.9604915864893827
0.7947303722982552 0.3480813492965777
0.11061518020506844 0.6966485252498116
0.6235201569462752 0.08525061277703655
0.242673995286955 0.044713025422955355
0.09600126337374837 0.5472122268182986
0.9854173355022374 0.08903354905638972
0.2878437811579925 0.5816712948496168
0.24989143481107692 0.9432135999981099
0.0654628895742172 0.7961719080631076
0.8046381569684088 0.8898913568076298
0.9224379221511654 0.5486960628456181
0.33123897790430945 0.5694435078242557
0.04203551505824199 0.3047856003385928
0.5268748771509153 0.09688536590641905
0.6979928631448554 0.8151451409597636
0.4446229559794479 0.6066638923383065
0.5302426468495791 0.46671040563952454
0.04345636334061198 0.39331886213359085
0.8990500318866512 0.9584326807513603
0.9567235979238855 0.5280432036341801
0.08097684911905889 0.7270809759407684
0.907374370398514 0.5865705816460829
0.3857432559541012 0.42140414561206024
0.01100845131777084 0.5526962182927675
0.7174669641592922 0.9577516450218015
0.36277080333245115 0.9150012018080163
0.2785864380800413 0.009364420072199675
0.5904427724939075 0.037718121493935886
0.9001271974238174 0.49902250035995604
0.41238396159683777 0.9460514924021461
0.12341445611743274 0.7462039345062729
0.2810093230802415 0.3550089252604026
0.8651777501319103 0.041840435669140086
0.6558300331023856 0.2781433302325469
0.845362842542059 0.9850494420149529
0.5929554541634422 0.5480490915028996
0.19171969609997203 0.3771846611424631
0.5431017282578309 0.22030473571203513
0.6352803887252176 0.81153730103629
0.6179073349750552 0.7451648995542227
0.8575977438022813 0.8587646676207926
0.0284332163702381 0.829100044617896
0.7290820896877923 0.7286795391313918
0.48522214466614544 0.06133467265551934
0.9640020855491676 0.1142047032752152
0.7418195004932396 0.6058391852303413
0.5051662727605746 0.5218363095695052
0.03862475382698599 0.23701835894149242
0.08427569589603506 0.2689900689237962
0.6897935485817109 0.20063225637352344
0.7746332343847204 0.9558155373214556
0.010920822811695097 0.5196920095247981
0.3667204224080691 0.3448608338441405
0.5025456402064522 0.15542562117003117
0.5346975729948718 0.7967879344646569
0.5329467557023014 0.04164781547221186
0.5748277784994464 0.5051495590693771
0.45927678578433145 0.7903234888205117
0.7610113502675151 0.43162603947220285
0.439984871737593 0.33166428027276956
0.3979726205940374 0.36089949468670535
0.666934934863773 0.5264986361124867
0.2584739269604942 0.2880809635052148
0.4830069332400303 0.6721366990270274
0.18009322104770958 0.7771481896709053
0.3647034077121714 0.5541413190776135
0.6588039440992787 0.32613666423219223
0.07210477310132568 0.9257873091308091
0.6637079954993386 0.36167092069220913
0.8589540604575711 0.7944888030808508
0.2523662290354025 0.45069683416977463
0.11406062432068598 0.19701231692416377
0.12404501057078193 0.4917995521946053
0.7429304438155541 0.1835836861689999
0.5040163114049527 0.1073348263365424
0.6683776394119997 0.7946937607587186
0.8585334209540696 0.37211998978463023
0.7946952407473646 0.7639417971555087
0.6302401144092776 0.40221686250557986
0.07574970822532384 0.9688189744222628
0.32617320864144816 0.2870498224858165
0.2553208413384443 0.7837993165938135
0.1423519738783997 0.561998898417835
0.6410465911234116 0.20816929873060114
0.2545181292792108 0.599262747342302
0.3884123190991396 0.5772525827450449
0.35154355563705686 0.06316557406019513
0.8616718881576471 0.399514828474144
0.9174845058648828 0.7600909696671236
0.1431110542780049 0.28617068756503683
0.34298608490577454 0.8353674934802977
0.4417294057709896 0.015467386799782212
0.07447249880228535 0.8791451623037871
0.6467987121428433 0.6103276645543652
0.9927587750025293 0.9615702846119769
0.8812367832457968 0.9360437558397421
0.8433844738897072 0.47872907167412654
0.7952484140003828 0.2882088966211668
0.500724167319833 0.5826556753340604
0.9607279783381861 0.9437193311008645
0.052009973104795604 0.18036395192785176
0.4155473703789705 0.829985046385534
0.1950431903951877 0.9116548262227867
0.5531697369635592 0.42987785985437843
0.9684276939097876 0.5720937132571798
0.5905501348777147 0.008924415376751982
0.7049381387428164 0.6504155151373114
0.016658689194521625 0.1663877829266645
0.6132302850422193 0.6883312357613481
0.17194273310779112 0.18041647030718105
0.4147774407608221 0.8840729897994162
0.018551516153421543 0.6723230790358915
0.40851196500294285 0.5243216656839562
0.9828055117332242 0.7451609121569273
0.9260790399992569 0.6964384591888665
0.03839767768376545 0.4710600932084635
0.800225786234394 0.53160199147883
0.9918437494614449 0.8647461805104952