0.8043790238463369 0.5199861647697511
0.21515674786034827 0.5613297507259516
0.6547666371055519 0.0904704510690279
0.6213720248088608 0.8164105632338061
0.20558932409541097 0.16844990645882763
0.16040518784202124 0.8900694999195009
0.48428034334166925 0.3880747095103209
0.9034247632571988 0.8298810158672126
0.8864415739368994 0.25270843834494106
0.6618228431926496 0.5360530287785434
0.38363060010453737 0.8832030874109756
0.4590544787617809 0.6525706504773412
0.44464376958832164 0.030305902012623454
0.02090622602373593 0.08840848711257637
0.11149730135089525 0.3602242721070792
0.771580032021757 0.06317677478597544
0.04334369386665571 0.672190827759209
0.6527116973798566 0.357077226842651
0.8058629826101347 0.8853993942381315
0.38663814450239264 0.2989088365565368
0.9643637764023087 0.6468007184644315
0.8944191934244969 0.459500566693062
0.3684627097653634 0.5087441787768493
0.24637180545882814 0.6771113997223254
0.9355852088440901 0.1033068676942101
0.2018677787444953 0.020223712490719414
0.7614278417443563 0.6914367282035209
0.8973724668115237 0.9605681963142509
0.06734899981868003 0.5122218444122129
0.68381858328837 0.21359629524715146
0.6177588776398768 0.9233685682632917
0.5881851455986389 0.6956810341878953
0.31563052745484077 0.1983485851230885
0.09908070809364955 0.9346987067779925
0.4767596071627348 0.205652815472599
0.2624662806897704 0.40160524298842265
0.22247305963328617 0.9934291483841565
0.2848144446029376 0.8186342418350483
0.8353971201823097 0.3057473606345031
0.06616385394119206 0.20047734330508005
0.5819376378982356 0.09067880275607876
0.4726145537061791 0.5181905978653629
0.4825082791883468 0.9888392445836249
0.8231644607320501 0.38700536381443806
0.15577865002608865 0.731811642306715
0.29339333013990054 0.12240282735341679
0.3844015791201335 0.7652294658258086
0.9604291513901102 0.35097592021400986
0.5802806366800548 0.2782320811076754
0.8741279112941994 0.6168990650901187
0.4856202437154151 0.8420552536649694
0.21754425730587357 0.29072575944356827
0.030725523944270083 0.7830303938314329
0.3048308584084377 0.6219827940082927
0.6465324903417862 0.45125896442038593
0.3127575350769114 0.9227354450181369
0.8275103549843988 0.14640758259410824
0.24714435736893897 0.47191297258151876
0.5996022472277557 0.5828855620915719
0.907329563003046 0.04023700979857486
0.7465418936840182 0.9881856021724356
0.8849117615949222 0.6995586111087577
0.7103703826519461 0.8030439849361813
0.8972617954982449 0.5389060549737152
0.15763639489678877 0.6022953466631606
0.03178236903486914 0.4581937225670699
0.9888781952730017 0.9119243842213149
0.3651697363323312 0.365231263350534
0.7452794819338403 0.39348132405726144
0.925894072917717 0.18706820163670146
0.9338469346310485 0.7524178678088482
0.08015552475977544 0.019354939650563285
0.7784147259215352 0.2929956324924996
0.35612065359024814 0.09126167517934036
0.0903728147477797 0.28890978216581564
0.5142857611068692 0.735298670751837
0.5730991085914287 0.5058006421780045
0.017376874247219343 0.341528443743346
0.8419803196432941 0.7786417204423957
0.4878670128011202 0.07262194006134398
0.03339809185140824 0.8989131082207475
0.7367283790890355 0.6756706038934704
0.4888270820252826 0.27615709590883164
0.0988170086727731 0.7942952153584495
0.6379464927043148 0.025051716519238598
0.6665197415795896 0.754288070944641
0.3914572176115656 0.21079835102677624
0.1428732207975974 0.47333736546586264
0.17862565214621473 0.08288551817236833
0.9796709358757536 0.5339115998337484
0.7420062552018196 0.5855905645683428
0.08276255383659936 0.16777269135573414
0.9853444167845296 0.26546779748640326
0.7615988895686109 0.171827204333313
0.26894198553977244 0.7511105981234152
0.5678051325304425 0.9406531497365831
0.7175069548616815 0.8886587527908312
0.7396049456841048 0.47496069262971785
0.5858497055473986 0.17687558225317906
0.300421012686813 0.010327192432155574
0.81320232365758 0.9420714574918022
0.5701190608299805 0.3486331959394535
0.35143675189778767 0.28071898554388286
0.6893426309275275 0.2920456065042697
0.4533548280212016 0.4474353133759866
0.7343892382424896 0.014786401667064908
0.04899665311726309 0.6414150599781089
0.3864699789866209 0.9933293910962986
0.6773286142234431 0.9607355935299082
0.8216602563610327 0.22925843604115598
0.9572989451589915 0.054067807198867945
0.40848096246203836 0.5758002491830919
0.31419742255912186 0.5356939097731892
0.3243104792007488 0.677406102400424
0.944404081881197 0.43459581866903074
0.1738653176514482 0.24303155874213073
0.21377999775092626 0.8356832833135773
0.22177052263014985 0.8911795996980336
0.6778319872174325 0.6439098908133714
0.2572700095132445 0.25509686543947757
0.535983766015787 0.6637532258518011
0.5684318023033403 0.05137411475413867
0.5053113132172686 0.9096378655957232
0.9027486328329913 0.3423025412457217
0.09177682341933208 0.07900431699938892
0.2722355642454116 0.46205473519097107
0.816987295197177 0.6241519712552039
0.18445157769918602 0.8112277228983635
0.3795984302185359 0.6608585347360698
0.6744112373680398 0.1575222910688368
0.09230984908499945 0.9658058818544115
0.20839451235454526 0.3952390858006425
0.32788469279171084 0.8674348823168561
0.9473121839362637 0.7969395037325849
0.8382183352022528 0.10306550108055273
0.3868954820557487 0.14809698586925885
0.4835000107183521 0.7419946510549776
0.8510177141063346 0.8955342773809695
0.035558990016174796 0.5935908411390993
0.5506679334654083 0.5366269419151775
0.09775286126674854 0.8470523369767975
0.1364495286620211 0.289471728516745
0.4395551778147462 0.810797573357424
0.5483833359807306 0.4399825129527569
0.6787844843962128 0.8629524049576364
0.3646297198601125 0.45005618411825976
0.011580996044497027 0.962101924116463
0.5031638181515539 0.11251945147582787
0.7712989846669289 0.8247259419073574
0.4516404308448367 0.2884488162092087
0.8052683335045856 0.42834054188921084
0.9855862791892256 0.9675663739584368
0.09047586799070328 0.7177592180904381
0.015050322420922801 0.017549058419849883
0.26242430064053507 0.18805128682207678
0.40422175023944357 0.058692404549333
0.41084973720839113 0.3349632287974019
0.21294153236790836 0.6414251339442087
0.28400786344808915 0.3426982536485108
0.5256145763666755 0.22074251322811939
0.9270812644762996 0.59188352041531
0.24711777073879027 0.9602566315931337
0.5860078287613508 0.7676616756046115
0.8094436558040421 0.012842274613250881
0.21300675177019412 0.35722535322994675
0.44850470276983345 0.8914662342035392
0.6968245468144185 0.6961580080438119
0.9388571974854703 0.8985951598151989
0.5295080680625268 0.5557636055135675
0.039159461935779405 0.21712353900569714
0.7498338449960087 0.2367650774509107
0.8855333466846886 0.18197939743405633
0.1201332068156063 0.6969993905435001
0.7752871152866843 0.10286245506140757
0.49099449157760167 0.4681790271888894
0.6968345948726298 0.41452743556041505
0.587883321323632 0.4088841012343134
0.3988943702471859 0.9470708088239754
0.00920559494977985 0.29023922988368234
0.7770182396920347 0.34916366949718486
0.04654917841886519 0.3709733583990822
0.5542692312826148 0.8663813298240619
0.8260687395635748 0.5555202125897392
0.9897823014403735 0.17902554677453963
0.3993548217032502 0.7160368638622603
0.08613015000158147 0.4199299241310682
0.2655968346744263 0.8727387991059352
0.949931708512938 0.27820799420953224
0.28778712886985086 0.5573560186287416
0.8325854733983632 0.06664022367545908
0.5359341767238754 0.5882236805435713
0.9919376222834407 0.7714483288078762
0.8566332427878176 0.9882486960161472
0.2074139265708695 0.5077700283315469
0.2653853026605101 0.06287341300316379
0.7102824880262423 0.5586706151701847
0.15429232052254593 0.9857228059201093
0.2362952445339641 0.7391141499446178
0.04915342399943651 0.8465273135600179
0.8930542021739107 0.40036343424122367
0.4518528452964324 0.11736993521192574
0.2957215254770533 0.9838426711137516
0.9799880103836711 0.8395467585786094
0.010629502549000747 0.7507864942278362
0.4946929779255855 0.03327737372603412
0.23726455973655042 0.10753975713177999
0.6300823969255928 0.5086067039946024
0.755724533928201 0.7529866979006099
0.3774838963730874 0.8282147948573918
0.5767288142574594 0.9731786381781917
0.13547211972100381 0.5257873915672926
0.09411075492979898 0.5953647692748422
0.05627457962697607 0.11935749482099872
0.9200418934440839 0.6593761900575899
0.711577216024194 0.056961237515053664
0.40551482414241086 0.46374353679759367
0.26694509964596963 0.6254869899306637
0.7950159987624676 0.577601429567928
0.16555063878207027 0.3241187714547286
0.0126396940690226 0.530954042686764
0.7193297186489394 0.11365593984942512
0.48409181013263325 0.7863274483283358
0.057607360106398386 0.24040877085081208
0.5498213916133042 0.31866297030234203
0.8200883101902536 0.8267721381843414
0.10704506425453264 0.23997069200768983
0.13734503915986834 0.03494208232539031
0.11555207169837267 0.08296969220320033
0.8352427070881352 0.6844387203994773
0.7821867440283444 0.9279915222224581
0.6199004709690317 0.22594896276622517
0.14535069886209856 0.4133651947466037
0.07434440241517731 0.4777899598027912
0.19045265815637363 0.13547266208060077
0.6595105164319061 0.9129026328717178
0.3230466411193641 0.8049852807370834
0.3566538112478911 0.8975218532709144
0.8663392352972622 0.7674402282389048
0.47218923165983584 0.5792004892780418
0.985241100122982 0.4545917185705797
0.33037419355630604 0.7340629381266717
0.5337676706823468 0.1605598144999587
0.9853418057504424 0.7051222875960172
0.6739522039891954 0.7967226544043319
0.9864288569615445 0.5914831366370372
0.3267090682891177 0.32066446691718214
0.43225975368662795 0.3935788011697207
0.6805159979134561 0.5013966430156066
0.4434575480452492 0.6219221621599469
0.7499178669166701 0.5272562232836441
0.1315600396702178 0.7864609304706174
0.49866831385315624 0.32016389450891314
0.022306349216471955 0.1572530541729834
0.8840491768088687 0.8927228948837455
0.8667982087520614 0.46836968540297946
0.7071278595085965 0.3105002871402988
0.06929749348634068 0.31476810579235304
0.357613976544615 0.5518104362020926
0.14315668166128037 0.9307642245187231
0.6410207980664443 0.30164500122000065
0.8516081843882588 0.7363660962893024
0.5745843253549946 0.8389172061016625
0.7165907076840318 0.3674773522140522
0.6012270262527855 0.8938741867230761
0.4402107893018165 0.9900878018390842
0.766140407020844 0.4193704400380144
0.11951735982782574 0.6576363337010838
0.881554466161939 0.1366842553774224
0.34900897511254714 0.3932021710616931
0.05215061874700522 0.036350925647865184
0.31876828217742215 0.04038414025738413
0.18584500177883229 0.42475152464659705
0.6126283763143969 0.7495988406563278
0.6783478817794585 0.7175558768172808
0.41814552282310186 0.51754079049665
0.414479676662523 0.23207679556097432
0.84382461929597 0.34428336647183994
0.9895630629850027 0.014252416550708968
0.7135731528752551 0.20974923427348025
0.1807584629158881 0.6564468638440277
0.9500882192094942 0.49906478498390705
0.6044390256938159 0.15290323113135962
0.04467561146926563 0.9811555280638984
0.3499979876813193 0.9510980929512605
0.31639636828343554 0.4702267921815627
0.11838079798373469 0.19795154290556716
0.5391548568992238 0.9629658736584283
0.6003394146698582 0.6198538884343129
0.02197152977124306 0.4081174350386078
0.2996090213450161 0.22568274984683112
0.3691996814813987 0.17081632956191922
0.5565769010540393 0.2458967291003893
0.01720321646597439 0.6196646507051178
0.9751255936591496 0.11141213155637725
0.559236817711814 0.7725967880708744
0.6070813538705614 0.2983017428376859
0.4841734798030639 0.42344904824978624
0.6808618523288423 0.04299377771672408
0.26104627836300465 0.7227121006488844
0.44142016103981546 0.7444893956802161
0.5791060733194366 0.9149696993953169
0.23511730963799587 0.7690493848286388
0.3652675485271386 0.2067146369682037
0.802905713084866 0.7380329513010226
0.35597967373192335 0.6212943336066097
0.4345264254485002 0.6756923718886558
0.16287365455265118 0.1404824994733831
0.6242472681032507 0.9577246472703809
0.6420323704968258 0.5818171381056403
0.758695586421476 0.8580432840567653
0.07975296526035869 0.8770121576909694
0.4847616707500555 0.17710315227160345
0.8445455437244436 0.4095593129310192
0.16048491280036553 0.01300050833236821
0.2801178443718415 0.5169113344781644
0.7508795672971322 0.27258390710118274
0.7081165224805512 0.9516134626504801
0.8811756997527594 0.10225054202947848
0.7519954131477965 0.6490311530067419
0.9632528211880891 0.2008899634397976
0.35660103499310086 0.013343092718071381
0.5515627835172812 0.46969899397052106
0.8214718168448701 0.20278502389143216
0.1201783733432048 0.829010111103722
0.3981400290344468 0.3654474948395813
0.26150699479036954 0.9038109645435312
0.10183542358740755 0.3340020493786162
0.22158134086068804 0.04971107883994941
0.24285386908414508 0.6027604706328453
0.5401109394846871 0.7884809948800504
0.19175636679282831 0.26455072330669316
0.44541256718555283 0.8579416379066294
0.9143213867904859 0.28120000410465795
0.9204632597423346 0.4896720408609883
0.5051464686700169 0.7048487221140602
0.6607733226391909 0.8509564125689264
0.20749346160263527 0.23447558484320186
0.44236238936444994 0.47689972770640265
0.6491859978908442 0.18206002828003942
0.2499476035447718 0.03339516783216828
0.20447336532716165 0.941874275988952
0.057076427963267506 0.7653922650422269
0.9841910701680949 0.3988637751563446
0.5866499238261035 0.23907294396903417
0.9348923596102922 0.15989870166796993
0.636259893305944 0.4229584445082859
0.5621879742099971 0.7222607811948932
0.484797714390799 0.9383023597191219
0.7852979079729294 0.9886702006479557
0.7276681294036249 0.7240866026530061
0.777794289609561 0.46843737105957794
0.3025154504008168 0.40177703574643375
0.7584835843018238 0.021850203848528482
0.27343133793052243 0.3050804343631758
0.5470810523715425 0.07688791696902286
0.9136160007214713 0.7299804617687831
0.29641979682309805 0.060857280519528545
0.21577523039139268 0.7120326248843369
0.14626470357990484 0.761623212816884
0.9396418419588921 0.31554315904089136
0.38694356792151163 0.07547445149428805
0.5599970694329977 0.017768704840804117
0.12741199325872626 0.9096903904152793
0.418530909403639 0.09042912187625762
0.3169476448609314 0.595170679343358
0.41050260958991647 0.028178447403261586
0.8504993583036833 0.03621874003684045
0.4472219095188605 0.18819820552728284
0.5675390491762345 0.6031298842277835
0.48135225564672834 0.6270679731125666
0.038183325297602266 0.05917892754578008
0.7915714818753838 0.7988930169528046
0.5509327270990084 0.4062431106506833
0.014758505015826706 0.8037210351695893
0.7362318581908749 0.151796742771016
0.8361896941529878 0.5834604309971044
0.2301600059823834 0.17281001922423606
0.011099320246966304 0.9307815428118094
0.4866919592576316 0.23705457900313243
0.8648664874124166 0.49355433441127633
0.6239351227278123 0.08773942026740239
0.5447552108515548 0.6329191569731654
0.7600598105954666 0.6218363937701417
0.3822542841413645 0.3352274596413619
0.5760216632578722 0.44806531790333254
0.5191534997816056 0.5202888222441019
0.252001131466649 0.5338210629027053
0.6202072235292496 0.7174977597154015
0.6282395652908915 0.5488647997266473
0.6627327738131612 0.400634505560934
0.9530311450434901 0.4091025474345099
0.6205316739335269 0.679550702451203
0.16420194040359426 0.2047952390676901
0.06956431333707941 0.689576995140263
0.83198408111886 0.5148653298784744
0.28382331992011856 0.6653034560740106
0.8227915115712756 0.4602856609397127
0.3530213253411693 0.14299110162058087
0.08836810631681663 0.6289063692074304
0.9218122270910142 0.806113356297245
0.5808612656071396 0.31412888280009266
0.35584530992609387 0.79117290225433
0.46020946880536046 0.3334374355277785
0.9575713230220624 0.9731557368112067
0.3223351162830874 0.9874326780055652
0.5222614002820237 0.2969228563314228
0.11851556818181597 0.27327655754065316
0.03414944802154568 0.5553518293434281
0.8624060865598786 0.27811204854527694
0.872747690118753 0.8396271129554453
0.8018276046184092 0.08708547939645406
0.879720758360335 0.8024345174756974
0.1671656110476873 0.5552857437289176
0.7235057709264441 0.27766719958334063
0.8768376824459869 0.643045008204684
0.05165340776296856 0.920928009892356
0.9521179933788667 0.708105939004405
0.17879040758139558 0.8602188723620987
0.10005986507688541 0.7382376670981088
0.6781215194395405 0.24961146637009002
0.45351011022279636 0.9279863693147352
0.467314859668574 0.5521483880208099
0.47353058650410695 0.00923000704406074
0.9301747086439394 0.06764520667450419
0.16849067912207294 0.9600880005820743
0.7808609157605286 0.9630489501624238
0.9893426878593683 0.30284267176388135
0.7237582701692813 0.643989730249179
0.6498820226885227 0.7855695301285234
0.21172470720602338 0.5952403628612805
0.05659552681514346 0.15096275549401472
0.9855349832263655 0.22315700222280188
0.4511790696037701 0.07964555204173668
0.03124016434730048 0.4933923214070435
0.5276268610131761 0.89586500296269
0.5679864361171333 0.5672904104389423
0.43639014604567006 0.7768065668476105
0.3938794344654757 0.26990111712653697
0.8894640494163044 0.013164719055816065
0.29750462965792157 0.858836863682179
0.17343606845513165 0.3605788636927081
0.8098993873090833 0.30505008253461463
0.20975704026340325 0.44807726035302076
0.8720741967994481 0.9273089348649841
0.33551696559197863 0.765880565098743
0.30319817108801433 0.7805768143788326
0.8277216997570729 0.8617359750754279
0.9331212359064864 0.6280676180846454
0.8670091905698472 0.5215379862381895
0.9573302741460037 0.8680779337031801
0.598699197974138 0.3357334998034216
0.7884785570600772 0.6850756475505222
0.2855249173004104 0.4825351429014956
0.2556387522889937 0.825115161595536
0.36431579678770815 0.7153767721299074
0.3954426582663111 0.9109151186877216
0.31749834044353353 0.5007106537792708
0.6483960294524284 0.7072159368593459
0.9588948679836174 0.5996574374392897
0.47673506411189714 0.14223734812471905
0.2985054828197599 0.15724778280626078
0.3919562297483558 0.5487911494901119
0.20678178519460683 0.779376963540942
0.09641763909556755 0.5607428924835216
0.7585330951065686 0.9053881010114267
0.1197698269600056 0.4370684915899889
0.7215225494357801 0.8310912746839128
0.31899737039639897 0.6466217182255989
0.724391702457886 0.7592246745800314
0.5243844447558617 0.4881880691653076
0.46783263819500215 0.7661481480501127
0.2939988472328986 0.7235879608066723
0.8082121053537736 0.3482209578235451
0.5111991114998284 0.4039775208204407
0.5197800075182025 0.011545672928823247
0.23719646514118042 0.07540252735775638
0.4178513704735995 0.6094535931903629
0.9849594310586348 0.07917190271338531
0.39536596911738675 0.6298868381257231
0.934803958838575 0.22223259916399873
0.9302795336517331 0.022095687112736795
0.5976254325124668 0.5463906089055496
0.7929685440685221 0.144679989467975
0.8988187317853664 0.6143062838122171
0.7877444602260831 0.21599895393995894
0.1818804571311578 0.043377553554552306
0.9698758140803097 0.5608394348900451
0.35046084097503005 0.34426665724499655
0.20472778087108168 0.7418720101183348
0.7444069571614804 0.07832799652691402
0.6883703790475204 0.34220368528866274
0.6787153721039257 0.5906138093949338
0.42334097226445533 0.2647269693116089
0.536508525132022 0.7136554390235051
0.8490563834326508 0.16574767954718395
0.6745476482927207 0.9877879692555194
0.6149199477738007 0.46945187419681245
0.7302452199128235 0.9604708178122132
0.09561344478349965 0.11794368330288857
0.25335693901010625 0.4403125523294514
0.9327708261971995 0.9219727068902791
0.016135464700050117 0.8665758722551651
0.8426478932261161 0.6121077266297742
0.37831931674298674 0.2458912763868391
0.1489736340338037 0.6730634599408394
0.69872149649444 0.2652859962621603
0.1474391435189299 0.07429242631800137
0.16138182609034157 0.5203866082122027
0.7493979157800765 0.4500668637732194
0.3216267103161646 0.2493658449925199
0.7078974001282158 0.020343042449271154
0.5179231591368967 0.9883921328927371
0.14695862921607145 0.35462706307783254
0.9092098065887408 0.5633346880312363
0.894315034258132 0.8604278104653449
0.07935763656032913 0.8266473671678609
0.7959378701939023 0.24311439542268104
0.3226424140715136 0.42058665157388897
0.18871010552000056 0.3038234582544216
0.7831853868121015 0.5456773857542943
0.18338257912632627 0.6198417612011222
0.7643822789443949 0.49846039894597893
0.869140426623253 0.06730565887155404
0.9818328983033142 0.8011256299186628
0.2532941907706787 0.9341145991684873
0.8079403167432244 0.6602607436087267
0.5204563842183523 0.4626674699091842
0.9620262271230309 0.9332219436829277
0.7088105740968556 0.4935249734024475
0.6351940737849713 0.12155911723864699
0.523959278593382 0.8119174045856936
0.47339624048223683 0.8705404188063652
0.9827356413021027 0.7402255748180318
0.9177646829279271 0.41944056919343964
0.3722330683236742 0.04874551322465964
0.6269140771872954 0.38946665331864977
0.24568299791095516 0.3284195710320591
0.13645311585634107 0.8732701458923491
0.24638421512140762 0.23104398087094785
0.608715169488246 0.06580287831496745
0.8744567259738381 0.3378142054906126
0.7478899771650662 0.7944642286441626
0.0789324992480554 0.36628038944771757
0.3863880846901934 0.441108241834593
0.30294722947522296 0.9544237601566763
0.7029411272882947 0.16912487744326515
0.6135012674942727 0.2649316781344324
0.5169412522345447 0.34409891233018236
0.45574215458020884 0.6922731501906525
0.8656722837005033 0.38669767954723244
0.5148148466704654 0.1905741422213652
0.1537378965207945 0.8367841874539288
0.20337773946262616 0.07726607081876435
0.7063433287389189 0.9144683384481289
0.8044495578822907 0.4048771086903796
0.5960536487652679 0.03667520339455271
0.2977556316640113 0.8933428150731284
0.37346798315646434 0.5803172551979946
0.745261146369812 0.9407708337820129
0.49227400946901534 0.8189000667594278
0.10301320101721129 0.48637174122043525
0.8270630871998499 0.9903582254498996
0.6958960407020116 0.47198385121347075
0.2570313044212654 0.35163688070468707
0.014621668235783591 0.4361953327261523
0.4010367868016852 0.8385104824743479
0.06073862062829927 0.721638332483014
0.25886061645869435 0.15563709208540116
0.9036565182200409 0.9865217825082901
0.46674076019480426 0.96577988102641
0.832079792734064 0.911021440522118
0.00997832230262452 0.4776948217347409
0.8058005158365819 0.7009178301518151
0.4118966658119947 0.494071482250862
0.8471286101128026 0.2527392362021921
0.5234237506716217 0.2566224214012699
0.5657607961503736 0.11207925776351024
0.9323899014610811 0.34165400977085625
0.5831434364790803 0.6586872218879398
0.4482156616463089 0.5219299148268798
0.6426357663289491 0.6324943345688836
0.6326096483798707 0.33513742407067065
0.8452993901639236 0.9507066949508
0.8614108557131028 0.6663251928309673
0.5220775311610641 0.9366074555663704
0.13267276043385778 0.3795129748588361
0.6664374002807002 0.12912530122688393
0.27621574435306806 0.09853309401892035
0.37090491506798096 0.9264710483019358
0.3736490152353289 0.3935266335708325
0.5625959267220867 0.21589717784345336
0.15287293653246992 0.6359031260258081
0.6092252891696894 0.985780408607557
0.08769279940259983 0.21429164069082002
0.5687025917251567 0.8061251754423563
0.035743371935762935 0.9463341854494667
0.18427362924749108 0.4619411011325457
0.5315913429236346 0.047793239137566335
0.776584853639236 0.38122827714301954
0.8544738838712709 0.222894003354682
0.061351606281071835 0.3365096863377076
0.40735415705723066 0.8090644274710694
0.6577698787142349 0.9392152128324043
0.15350381920997647 0.1792951248331182
0.35498712272349425 0.9858041850114998
0.34939608570257696 0.6516685505462793
0.012155908314632813 0.37629151512822984
0.9235375533052026 0.8644041591241552
0.1081456540739647 0.520544164417287
0.5142151472536199 0.08111519310582394
0.5010359852398185 0.5673793170567095
0.31945960656072725 0.8366791399593352
0.9820761131636351 0.4271990265320898
0.9224506468331485 0.5170504736908479
0.054570847109852216 0.4425409376223235
0.8057527979747864 0.174985448346963
0.32270679536131475 0.11218436149098726
0.6962841773712256 0.734946174635312
0.1323403995170369 0.15009086470456406
0.3455945614035617 0.04060216212214768
0.23888852356640855 0.849695230036734
0.8820174150456195 0.040509657267507326
0.445643168127924 0.2211130371517459
0.45802207162743425 0.830515602024726
0.6329974623960812 0.8649543686731946
0.174675182945691 0.7780363006763618
0.8225852524659966 0.040676503851039214
0.9039038449017248 0.7723192509441097
0.4125633604623726 0.15987568888885872
0.010552915016765418 0.685324978832106
0.0082852489422382 0.5900930755188806
0.6985476262747722 0.6578479384898351
0.04832472525832815 0.01379319858248429
0.1167095670182407 0.9858192265745149
0.24936612500093974 0.5626553722730091
0.908065201706107 0.2069248720486896
0.32597989026379537 0.37784693881247516
0.7502572699508978 0.7176191893017326
0.06669087073098134 0.9566566802139587
0.6063502307545068 0.4349901062811846
0.7138691878387493 0.23927306123790987
0.7696766437387954 0.1368186571651241
0.6850949108497505 0.8271724158085234
0.7440308642880111 0.12031592308539912
0.11600017673047858 0.6188732382331286
0.47348129123151017 0.30534113447834976
0.9886988770373173 0.6533253628561787
0.6799032901175275 0.01408893685263296
0.3585639988648635 0.12141739137003027
0.018197009874283354 0.9898569161127959
0.19420867268636344 0.8886520453223604
0.46260988649073986 0.7197833931426685
0.20421082441810162 0.3293504773611475
0.41258721278561544 0.12430526137951747
0.9417561353231214 0.54203809243424
0.4891445702882763 0.598881883997142
0.22512750848009722 0.2613018285953921
0.11621932263562723 0.00976846247017682
0.712161584210713 0.5843674133762465
0.9530602103019171 0.46500892556498663
0.8135206655821051 0.11665895119445058
0.07565163593337748 0.5414983929918707
0.18740310044138175 0.5807490977807694
0.5471543538040835 0.3827702213930202
0.7603075528539974 0.32192979131518645
0.264082937213169 0.7871997833022054
0.3270995588816864 0.5611491047799626
0.24118853016404918 0.6476690510392034
0.8808601026567409 0.43128909287358796
0.6626667948360399 0.8897253387456114
0.19090345297352268 0.693237930272167
0.507049176667102 0.8514116563523915
0.9812146887402048 0.5083151887636123
0.1546311130439611 0.5754053406970924
0.14470441660170907 0.2682086969388596
0.7687126336284866 0.5907644852155617
0.6736872758437529 0.3690988462426642
0.739380462019387 0.5519636113760302
0.5646362816488201 0.1447595078592181
0.7282703496702773 0.33357073596975584
0.08270482165801746 0.7606189776588653
0.35988152285411334 0.30975896220099897
0.46840455813950044 0.05183256149359422
0.45400145175734663 0.41438742643973553
0.010068482640632093 0.05653508416122438
0.17201927760142754 0.3914616262737248
0.33524085923910274 0.8983076349443788
0.11063940864020366 0.39939220023773936
0.9144235090502155 0.12351906851003708
0.15416991918512535 0.7048956148677801
0.03319953557740679 0.2852613152001978
0.6707872882042474 0.46202925324514527
0.35384619567679754 0.4229497278931657
0.05727548257778137 0.6126919885157256
0.2580736246986459 0.9867366366428154
0.33740302908177305 0.18446605032662733
0.19141352461471534 0.5376080657552335
0.4258973761181327 0.9090174068729535
0.4331443923138367 0.5501174385776889
0.16382914958784245 0.9328219563987311
0.8419120031604436 0.6459445052396204
0.4266812669877806 0.010429802450187098
0.2889195187784979 0.37628704927584056
0.43309515342537347 0.05758194538339689
0.026947243297283652 0.25534142040917795
0.05348435468111673 0.8819218600291492
0.7804417157874731 0.7259307367399044
0.5941109129401452 0.7937265861366051
0.8167239962044469 0.7962909057574686
0.7909744201977112 0.852224852000901
0.8157049016284241 0.7624519966290327
0.5006508910533221 0.5004822507145428
0.10868769606897627 0.3034462766370108
0.3375030624641078 0.22310810187634367
0.5039734922331544 0.3654480529883825
0.042479249784024564 0.18682783138428294
0.06769793210511604 0.7935913227542615
0.06094757714964821 0.09075369787857385
0.8518440571710999 0.12496649384718556
0.13896424075060204 0.23686338813844343
0.860040608868887 0.5529420799707435
0.26606285372585736 0.5916317027053855
0.5854528053029281 0.7379525827865107
0.9609867888380468 0.7704583862981451
0.6270958496186533 0.7725719615000246
0.011783085560250706 0.20027817565294825
0.6303134338230963 0.6061571420004195
0.5283652408778956 0.6165477885062904
0.33275171930189573 0.07372749210568219
0.7414890430180562 0.8820978162850827
0.8742421136860784 0.5816343600562011
0.6375827368612796 0.8953469072767151
0.9693529149312741 0.319042369654
0.42757891260660086 0.4573961638763965
0.1133944539582541 0.7637810118660129
0.38837882484286673 0.10950580757029837
0.10585359805419337 0.8900549263090223
0.8236468615380576 0.3664750101743164
0.8472604635660757 0.8250389763258666
0.07805787650204221 0.9827609332387736
0.6456445262645925 0.6603178790603587
0.05851052882287444 0.40929769979999187
0.6012583647373638 0.8593668589633241
0.34086338942678696 0.5895920950069082
0.4452188341746211 0.5866235505103102
0.3809054397045781 0.4781230966894698
0.6492350359790695 0.9606373351573267
0.011994857075398102 0.8296636269498636
0.5099794165349191 0.7743322277301843
0.9569432944275845 0.24851146880878067
0.9268674332159872 0.39126657311634094
0.3579158843076079 0.8604768861235395
0.17723000868065775 0.7141801436655777
0.2239674785473374 0.4160799179131536
0.41528052544554367 0.30205754880399494
0.3454724513133003 0.8290603616652357
0.9637814491504062 0.37885614070805024
0.24206712427906651 0.19796139737271923
0.9224236850720526 0.4527563768349766
0.294408038939614 0.5902371018285482
0.22137945796072012 0.8683261387437364
0.6722900003273748 0.3159839840475211
0.23570620235895168 0.7979658646311272
0.6229622198674286 0.18402296866977502
0.19187954477063168 0.9803418779520032
0.6949196471698428 0.08529360986330403
0.9932071140811154 0.9370246753124948
0.8195670920385588 0.48377108247946576
0.9460077859211532 0.13598176395161188
0.73189294618526 0.41798801403423347
0.0599135133958954 0.28743396919386976
0.50636306619101 0.44445429602645975
0.020826764811506804 0.12490950860906275
0.5532188476513401 0.6864765730568859
0.31446856640209886 0.35327845510701217
0.45917014468717104 0.25760158211813877
0.818952454201114 0.2709160096115809
0.412702366269182 0.4265717697225987
0.9039692297185278 0.31218098562199514
0.316973498553899 0.44016915829263503
0.9781957795433214 0.9908953375119051
0.7133091553809867 0.44831167157304674
0.45826984689930483 0.38720797702700277
0.6502018840157632 0.487440826732651
0.2086821686764574 0.6703983247902355
0.5743925967837495 0.8849157954824247
0.01584248647878045 0.646347402561825
0.8083446071258733 0.9170764333062995
0.5930695455026973 0.9492628363543494
0.5308449707838003 0.10929196942798602
0.3572557220151502 0.7485430300427864
0.2804486745485427 0.2733659881357057
0.04300265997978975 0.8191513601336796
0.2464789255516685 0.5017251581718938
0.2601958410461861 0.13025237819334579
0.3209421175870202 0.28137163645334007
0.903882116357452 0.1597535021379729
0.021791927154405977 0.3169778495398052
0.30202250877514025 0.6928686388231257
0.8600782810744192 0.19430419023762885
0.0416475166535592 0.7441748321931955
0.788493591568141 0.4474261657139361
0.9758265815233709 0.6805555780822417
0.7219124099884353 0.6946102797279106
0.569080450922901 0.637939352014741
0.647409519159035 0.24902067252024535
0.07886845244710006 0.656635887089533
0.3918032379029567 0.5152087840277546
0.5416880252749167 0.7498002539945823
0.4165084663421592 0.7311180220956457
0.7230471965995917 0.6113283846575752
0.3027826526980886 0.08681556836264337
0.22308081597412438 0.13838292647141515
0.12543629507332932 0.9569814446715899
0.5493381707542049 0.18544668903097877
0.6352080613668785 0.1524812863528605
0.4385972498972489 0.3280128066452467
0.7982358438258838 0.6115289139007745
0.4722846998016942 0.3574183364971395
0.885564475419541 0.7386614103859308
0.5828660839474955 0.4797741611224422
0.5976815954699223 0.2053662914935847
0.05501934586747065 0.47064552715341706
0.9807697578219968 0.6235875841386156
0.38655193003911753 0.013635360381056394
0.1564328245491558 0.1037537208931274
0.122442824496938 0.586112646590599
0.8975779648093786 0.6584541884149676
0.3255277702404563 0.008135620122365184
0.7813786095477961 0.021636062590255967
0.3489218870917948 0.5330824316642245
0.33949891761640405 0.5100313600492458
0.63351560535833 0.8425013628801783
0.28668800786825277 0.6459750589432368
0.7533622409273112 0.359653494169772
0.15780628387743517 0.44572402178092074
0.6451800253048632 0.053445191794602276
0.9044732374531019 0.07936860691831665
0.4140292795849536 0.1924135644193697
0.1782647439739195 0.16032332758047546
0.6047668851578986 0.5065916056953609
0.12588917112076636 0.550645230492585
0.6903679499815456 0.8859188760399638
0.22064977824433002 0.6166008142170886
0.8683509039148475 0.9648152318029845
0.5023022937285144 0.6572131338713634
0.8584505064643827 0.8727515740014244
0.11044417699351228 0.16162910395828978
0.21118099792564493 0.2006177098016898
0.29121478179728755 0.17972219937538664
0.6093890953624079 0.013994743706810753
0.9482576862029168 0.6691970142626974
0.23801805712550844 0.380370890926638
0.47038489147657325 0.0982525491376181
0.014304695272323809 0.7250560558618808
0.6769455379834578 0.4327174796787204
0.4926346561320624 0.5406355612168087
0.7068017362131629 0.14030910504748256
0.8342222170107536 0.7474456165397702
0.12601751656722998 0.7279048911978214
0.6141362381604494 0.3626096633002921
0.3790869878128685 0.9685103027465841
0.4159959135784236 0.8755501950957869
0.6968230747980787 0.7715039034087787
0.9350296166733869 0.9568263541150164
0.6662761620978054 0.6824395174999629
0.06838085118971787 0.058353410633255054
0.03255632477067405 0.702581368803371
0.1834495869767248 0.48973414417810857
0.2239903839202232 0.9217356773910924
0.3512632145778608 0.4804625620533178
0.10824385749929638 0.04567316006431327
0.24125438142627892 0.7054188183176597
0.9912738639695815 0.8764169173708448
0.2291785863147518 0.010410165638814695
0.24560856540408932 0.2910291800195549
0.9858224608329587 0.04667956784817995
0.747182897277316 0.20478035377671777
0.6516725235960563 0.821025208754494
0.8935046068413821 0.5040469711400392
0.7805070225350134 0.19365030661119642
0.41873317264242843 0.6476440176317881
0.27568026875484447 0.021799105576143396
0.5517487248567028 0.27708227617860715
0.2716007826798053 0.6925260914964939
0.5395097366404167 0.8391671827504914
0.10129063037736524 0.4572338485110402
0.27630886733487503 0.43047359409815744
0.40958398964173454 0.7580304650697799
0.7756395960640053 0.265543763394129
0.9164527800777502 0.6879365244822724
0.29966336293794926 0.748527089320586
0.43381994672931845 0.36596003158736523
0.8572058502818147 0.3661992079331269
0.326386007474861 0.7071927919106078
0.07363248014910279 0.2615373786805567
0.16493389079464732 0.29470780071915315
0.6497173704509094 0.9856424961069814
0.9577094932926875 0.018689016034333483
0.411340167107058 0.9829227712170616
0.22299343620419 0.4802739982861009
0.7287106614251054 0.9210574806301651
0.03931458438685276 0.5208436849243683
0.17651788382694233 0.9087888412645517
0.9224373798257501 0.2476950363765601
0.9283143721097624 0.7171225239300585
0.9801060805441915 0.48166509707064065
0.6556799084199596 0.2783706696248731
0.14926199128913054 0.21523327311496004
0.5247953967028162 0.8722869005916027
0.012512627774006246 0.23027148220962856
0.2770994710862171 0.932900968355129
0.17406501861818546 0.7504234312418492
0.40142099813176335 0.6869841417828267
0.23017687738078219 0.9757268855772685
0.6120584193707559 0.6527561581558252
0.7651649265188116 0.9502034508598796
0.9035623848795843 0.9343163354989014
0.6831924142108082 0.1877768821367075
0.4271713837063906 0.7058860522066481
0.28217534659439514 0.21769686830095908
0.8882685027887491 0.22387130731520416
0.5522772816488437 0.9093063555647798
0.07639501996101467 0.9183559477780121
0.139422242232294 0.49872231561079433
0.21224299659261414 0.8104345396262043
0.9345227813592694 0.984540311188133
0.6495378974507213 0.21519854846773012
0.7335748927886647 0.30383821990989335
0.8372426192644091 0.7170724716728263
0.907238209183917 0.9009486609978301
0.46570516683637325 0.4845634927764135
0.5521068597264355 0.9867702701386676
0.5989090237422133 0.8176975482675455
0.886220537473674 0.3657316076595595
0.704941623451659 0.9820782689705148
0.8150016744791713 0.9666929333538681
0.3380313101969751 0.930002537566377
0.5470486274882962 0.49913130198993644
0.7441539002579012 0.05113108330036853
0.8474539198290523 0.4362128787304705
0.6704665770391975 0.5642392646480229
0.5009570766035971 0.9652568730735831
0.009566752464591322 0.9018147726038368
0.9663905285668924 0.8941952119633463
0.5421293425850299 0.3567588446658505
0.5012098959502165 0.13928375398939385
0.19970454442783903 0.1073004702480082
0.7249004545737006 0.08799391927459649
0.7955045517412997 0.0539277662065788
0.6842364135545316 0.9274425499607521
0.7771816640673386 0.6448966433282952
0.79749506503695 0.3284002618986353
0.4821845388070998 0.8971717041866945
0.1333277594788052 0.10345854017575784
0.6714566643463246 0.06653443208273163
0.6717285660318428 0.6193776691513514
0.15381753819188826 0.8021586284618563
0.7360518548664534 0.5008730362473164
0.3408562862303187 0.4519167527416409
0.6914657531527499 0.10934197573125382
0.9913204234679729 0.36208819468590225
0.8600987997015517 0.6994518242613657
0.5250500259921453 0.43212767256857765
0.38831558967592045 0.7886014877709194
0.18693775874079988 0.19763117300486688
0.6474981064813519 0.7302841740489256
0.7856890614006445 0.7664440942433891
0.699609299820664 0.5332009711887734
0.865952129396472 0.316815435559099
0.9640553698228039 0.16896939677495348
0.9559095151515502 0.7388743897265633
0.2973780562834909 0.4453576126004477
0.28608791381901555 0.24851614741228417
0.8384003337651527 0.013992006657895906
0.527164436539434 0.1407282705816793
0.4478781077913954 0.15413207763699305
0.35216548849875845 0.6891744264944124
0.1309318644917959 0.3244583124274041
0.7282884092402498 0.18078529047262754
0.061783777758228076 0.5792502692353816
0.9461128548890194 0.8402124238692598
0.4823070672059576 0.6868515910480898
0.42691606290957684 0.9354809429598698
0.5768425757636342 0.38202099239397835
0.4369483374900839 0.9648335194409361
0.8862716689813172 0.28409699562735946
0.7875054506550203 0.5024380374263554
0.7141469082230656 0.8594466158239493
0.5993303981297876 0.12345018854699463
0.3069975712769658 0.3093081047329189
0.3979363659092452 0.3984096636890457
0.9832784784123023 0.14179005829770813
0.6969017478128973 0.3855832842749158
0.3548800781362821 0.2527082586150977
0.3241896676961882 0.1539355333613917
0.38338201209563627 0.7385404261177135
0.9299116976133073 0.370039855533452
0.7774830038312915 0.8920634754844323
0.1547021850684827 0.04824723504240941