0.47600982350747223 0.8634440675613224
0.7379896038427186 0.12839655138788786
0.1594976201077321 0.25121398327231426
0.8509552345347042 0.6234407125383528
0.10356436620270876 0.7335882751970384
0.489197356050288 0.4576478814930448
0.8403752401226258 0.8604221969940653
0.3978676067793876 0.1292216133759298
0.7806877503443201 0.3781806229344256
0.3255114498066435 0.6688589769975782
0.87684508995895 0.2484238723659163
0.15471868690636958 0.943064793357294
0.0743019903298246 0.04833407310942739
0.11845537836539533 0.49557134547509163
0.4734954198644916 0.2578380742358883
0.5979342922789872 0.7388236733443859
0.3087856688301584 0.37476270166834236
0.6532032343510651 0.931241874072293
0.6009323185003914 0.5971663316733105
0.9610899925211136 0.10517739047661873
0.662167065881928 0.026609498411184873
0.7267217967212647 0.5126475172928836
0.9861610034907506 0.4389175070338124
0.19283320212338734 0.1292145305705546
0.329206879943733 0.9710023058544495
0.6767755768298767 0.2714268034040086
0.07733946994800123 0.36605842641123765
0.2870404479967594 0.516378385029695
0.9546611243043441 0.8080634228055825
0.28944427570311965 0.03683845256356788
0.2187929727870891 0.8369060248940472
0.495501642307725 0.6467858656409228
0.521567111873734 0.09943711432181673
0.906939807662593 0.9527637467914972
0.3647027485433309 0.7895274950061199
0.7954911016149678 0.7439418387428124
0.8974588487979303 0.5142514107928392
0.9646853459330991 0.5709421798817573
0.10353072753031695 0.6028908747899131
0.6251708159526759 0.4274576287103753
0.8012523187478724 0.09906666866316738
0.008878874407273807 0.8929729558348558
0.7207646631736381 0.6961606176931424
0.34434738991171365 0.25908414693135373
0.9627555701449808 0.3329698320517649
0.6252777406437297 0.18009603402850438
0.23590380460811794 0.5976042973681801
0.544122587419446 0.9184098212792713
0.04038609753859418 0.18430526193005514
0.22229697556811095 0.32174289532094064
0.8798762778013924 0.7052012148032054
0.059285229961906216 0.8242438385644117
0.4743890605259123 0.36558721056412313
0.40314931312989427 0.5709953051418416
0.2686585976864382 0.7755369173224305
0.8410720929706164 0.9573033762301923
0.4425868321993456 0.008163176632846603
0.5031386206079651 0.5344622526928009
0.1597159180998336 0.41683088053345396
0.4389418680880688 0.9562043801805831
0.22442798316740525 0.7239708595473653
0.6707715610499809 0.8225289731607195
0.8913332816008475 0.04730390253279382
0.5703333856485886 0.32004318063656156
0.020366143891767774 0.5170526340249061
0.7783271224863 0.28339035449884187
0.2867567145408683 0.1902130001800571
0.3489187971336928 0.3948703650785945
0.47945871178318794 0.7693734384964637
0.9660699958609098 0.714648640398804
0.9205042605167975 0.2400623226967551
0.7627745380733686 0.9159266114146685
0.8890717824578983 0.4159435975145271
0.7632531942062202 0.597761493616037
0.6709354033864696 0.3856412707717627
0.0428513014065503 0.6791801387476132
0.9543665696311119 0.8840726651770554
0.03674802788806225 0.26267319623663254
0.09410646159040814 0.4397675351173442
0.6421654845302086 0.4981872365934842
0.1661989752478969 0.05874080128639414
0.30119538433398513 0.9111647259074549
0.8718114761232071 0.14284455807014568
0.6980221773245883 0.6300413614968366
0.07449178926941724 0.9720220694820695
0.20112099361119107 0.5032224442514044
0.023711485550805156 0.10051909477187598
0.6276837758244131 0.807296802690448
0.7586867375138011 0.7874063985831217
0.5772393709535163 0.049855920072613025
0.44175457734134 0.8654708209454198
0.40877198879759946 0.4326203866897505
0.12317551722184006 0.8461595779925959
0.7367394233629148 0.010811986675852148
0.746769745363361 0.20029069144601486
0.4905476523054167 0.1877393952375856
0.38222844429936104 0.03347235530132986
0.8651520118264204 0.31888052218011753
0.23398691379933706 0.45342344086721376
0.8106544965504094 0.49433919792080183
0.8809846481886395 0.7596969257029571
0.09625718194741295 0.17833892345441282
0.9338725369803402 0.6584709317792705
0.012204995424406895 0.36989363196175373
0.3693649580519438 0.49924338515374034
0.2628392660405131 0.2623337107257988
0.09110855170682969 0.886505619103692
0.4337679790967861 0.6969409195842466
0.5801983139382149 0.4718654325454074
0.7202610914788942 0.9811192927096255
0.3979120635596368 0.2918427116513409
0.5507504000909308 0.9677267351392322
0.9535635456700257 0.17727724990159838
0.22549421367185424 0.9200670004174797
0.2596803975048925 0.1311337287458877
0.1621514367822861 0.7012405797140154
0.6049334923729544 0.2556102008421527
0.3751090562236602 0.950330376055238
0.25934960360843107 0.6221177796564444
0.5315992839684774 0.7827178233103306
0.3658023132953584 0.8706649389129097
0.7118719749255179 0.41364645335094996
0.08453509088858457 0.10901631095079228
0.546206920421378 0.6743350975128531
0.48228410790304693 0.05871604395174457
0.9564957487543311 0.9862347404810574
0.5280617767059052 0.41133379157486605
0.035349508466761104 0.749071859686513
0.8182740931783707 0.6890309098688777
0.5916878343033147 0.17995773545961807
0.6872173853417562 0.08349269555666988
0.20014928240599378 0.2386167912537443
0.5226802895427408 0.6011065063157097
0.011354898413311887 0.5937105860854565
0.8048356970170283 0.19035370410987035
0.6510880546239127 0.5633589624847467
0.8442105097376253 0.052116974529761606
0.00429164055125747 0.9692190884024113
0.11274360861841964 0.5617426833051671
0.7322267851085471 0.8725042291257762
0.21540036594699752 0.6534334136947189
0.6219825876742335 0.8567717860978141
0.9869461740103551 0.47916968175810926
0.7383850421988377 0.3237900460719829
0.6372309543086347 0.6904449463451302
0.939754140924536 0.37745418442445366
0.9113727020451388 0.025784480569178314
0.6549389263976301 0.7622285704498634
0.30461472554109725 0.06503880607362744
0.28935776503441224 0.841457592161416
0.6137406758429848 0.12014445860530287
0.5099594637734519 0.841906916686995
0.1554472007662399 0.7604275439522601
0.44721569311075043 0.5041535019750658
0.0444769947775161 0.3229630816917533
0.3452162462236326 0.18599880164019933
0.4089896559612767 0.3525005918378115
0.22583340531108936 0.07026107536670284
0.3588891495815623 0.6186516697877028
0.31785300921545556 0.7591189371278796
0.8519224057924288 0.5782328207363634
0.2134906532368216 0.9629203074695242
0.024116682003995027 0.42950505096321673
0.556014637892534 0.5555974212321017
0.1477326032816763 0.3176588608010993
0.011498083942422577 0.015695289426149617
0.46933494897178146 0.5883997119314406
0.9859744664568832 0.2714855098476424
0.9920082184677537 0.04316259189003141
0.4311074255995585 0.17347881016606298
0.6954565757892601 0.1886507956910835
0.10092198509287192 0.26274204571889753
0.5081718901004415 0.229700732772822
0.5340314506872655 0.3013502902584687
0.7343440708527029 0.057781639558051434
0.3162446568464553 0.573556938774383
0.6047250769620399 0.9883700078892907
0.5908248312978235 0.6549322003500594
0.221918579986976 0.3718925073795761
0.8771998637333633 0.8345434778876233
0.37790947915537054 0.7254885322258198
0.16549536798050313 0.18253860326730387
0.33051199275593635 0.2861305282932428
0.9190303684232632 0.44809128011405314
0.4573736279794567 0.9178604392178483
0.18106638053196933 0.6213456428024193
0.7744039683313799 0.6783930330747818
0.8070662551941397 0.8402117887814784
0.8216871224841193 0.26875045742041104
0.7404786229809133 0.5705607962983618
0.8469470132591873 0.010972366692378777
0.9842195568490499 0.9471864592915147
0.3217855461268184 0.1331262608834829
0.9885768325649764 0.6375971137603745
0.433828473571786 0.8078793065193033
0.6664447276474881 0.33777041694861976
0.7410716929950549 0.44854929588838804
0.5404269979129109 0.3739790934621325
0.8783247076816838 0.9229867832289219
0.8283706024194791 0.5138118104442891
0.5310156795073877 0.7240471720478633
0.6725215347808435 0.8895091007830039
0.9072159636847866 0.12955921018625938
0.2613744983990959 0.98967425445099
0.09285570868446835 0.6335435006376124
0.5622304732940426 0.16116982072405966
0.43129579388018724 0.06736282572829444
0.04394425904181459 0.92372495882315
0.05424893569612993 0.47835757389090977
0.8678366949767071 0.3533533167091923
0.2726537576527095 0.43175376345751704
0.18736096259653018 0.9067227616786531
0.240004947827478 0.011756132784461804
0.12709149195800262 0.9638350470874134
0.8339938274271922 0.45854505271496504
0.3725316607021762 0.682332578548161
0.5011435009862161 0.032775965445463795
0.8066210272541221 0.13156841129029245
0.6266297327708134 0.9241942487997896
0.3677165819088233 0.06843302470833423
0.1189438465540617 0.11223811430104552
0.845544222310768 0.8947377412657587
0.381134714144338 0.2372604392452402
0.813877558999527 0.30784152398957126
0.20848129833250278 0.2082117314184549
0.8790343914761862 0.6251777871329757
0.4995629730175636 0.9807594378129272
0.5795903020041533 0.8415067793024621
0.8939409306940181 0.5680260727563763
0.07919055357518145 0.7897499706893775
0.6495281224264263 0.15401352161883952
0.909518702037729 0.29458952690629403
0.5828113729920965 0.38757066752865993
0.04918265940368227 0.5504141264403679
0.14623475780737882 0.38707921634054115
0.26447575137865686 0.7195090648487434
0.4745553546217087 0.403874125819832
0.9097645819754072 0.7993857912020546
0.8383477634793661 0.18087894135627813
0.17426733543606 0.5245447562057062
0.38567430725663254 0.32388761455747095
0.11926576307527553 0.030866582138862564
0.9863400523729055 0.12646515635267586
0.2831232836802404 0.32094921336747323
0.6692532634900313 0.46570747994805206
0.383317099780885 0.9096838239039657
0.7798375446813056 0.9799837139190914
0.8307036052314543 0.4089832578150706
0.47455082664403647 0.1347043406518148
0.946004235023185 0.5361043882579555
0.040326462080743974 0.8670156556417257
0.9228310841534628 0.9195396276707739
0.9823601465989057 0.20450819686949706
0.2755016791585205 0.6479695385052797
0.2944516503712068 0.4816441255917173
0.5554530899608529 0.647667090182282
0.45209364775171595 0.3148442141316925
0.24825035425986253 0.8913118904135109
0.6529215834283859 0.6299080032444299
0.7031508438588345 0.9422078566286249
0.17808972763594005 0.03569429784530298
0.7396944390657129 0.8078446837711329
0.7888710443517553 0.5615862084948714
0.6343441322758441 0.5343841119310407
0.7271922790446181 0.6402293389589035
0.4377348849066198 0.21576865278832424
0.5957582144207244 0.7696794414927848
0.853631981855069 0.7815964846050254
0.3920211606443639 0.5332752610460156
0.1876970342990545 0.7769953424901346
0.45293427793510777 0.6156157868727619
0.14445542103783682 0.009528050721956227
0.41837737109761736 0.64514823055838
0.5240302055954098 0.5003278445434788
0.6184201026162305 0.3582272441685972
0.4363396820548068 0.7689500007414258
0.8942977972116428 0.3564046757680646
0.7874854179911843 0.04200611612468175
0.022522712219466556 0.7753183847847809
0.18183471674937668 0.44008991910680734
0.33426995038885365 0.015147789482690188
0.932247964110337 0.4955898378331113
0.5601151237069184 0.8749993872064277
0.0942053949960166 0.6918040964405975
0.45845611814221304 0.5478428760174432
0.17188432986134577 0.8588308683438193
0.8897662944563909 0.17154043403349756
0.32008158153411814 0.619270494277
0.3872984737707391 0.1819536905946833
0.7819991415948704 0.24601244085115465
0.09905626656727268 0.9177751686021799
0.33193128701690194 0.42931059939278227
0.8708007720595425 0.48175198077801024
0.23001006995905465 0.5418058617356695
0.9315353759472018 0.7462624563928603
0.1787486377536655 0.561573589602989
0.5387193340215499 0.2304537302218687
0.6437623688295595 0.20358836872347136
0.6942467494515089 0.7627931225970042
0.0781704366195306 0.5449332364045608
0.7863364568272413 0.6341454038671959
0.26853430547395707 0.21823516445744934
0.8100527077910307 0.8860170649275523
0.06945940311007187 0.13563323669870253
0.2766617464794302 0.9407669444691329
0.04858278496063245 0.6446800758824165
0.17565950333823893 0.48438442149214167
0.25640663989070145 0.37524337174773925
0.6677074735661164 0.9807582795555271
0.1823234091259851 0.6591032308873662
0.06790950837163856 0.2189188119693274
0.7074477647184726 0.26687954084499
0.9467666567061501 0.5977134371879371
0.10001195201849339 0.37559924431896113
0.5862063917768723 0.5415260324774833
0.589952303107742 0.9293262874883015
0.6341381096179951 0.2715622527778898
0.950647279253866 0.8377294318721457
0.12125763590857225 0.4447929897687014
0.947963894157603 0.06723606794134201
0.28062405765027376 0.10141160884051886
0.756476054585109 0.16744036248386945
0.29202234950419337 0.5661854346998861
0.9278448817698438 0.3470659990644187
0.6863804274549283 0.5079472589417882
0.7733888883158646 0.3511093586285742
0.6416348647537298 0.10126811706913669
0.9917611774308215 0.8825582727397489
0.6815740913852886 0.5586027340009583
0.491619167343044 0.9141280648533197
0.756280560798146 0.5033124837607872
0.9624034035007457 0.42172917529174636
0.6200033740512573 0.011861511312819206
0.4652466148002172 0.7091722920625586
0.3497942083852769 0.3469204595983535
0.5200989158893722 0.8177955155180137
0.10840570432113084 0.7902268830232688
0.9793749789299733 0.3650154083361837
0.7685214346722973 0.7633556918077908
0.8891492492082991 0.9001674920165001
0.5277773007027485 0.010681200532669355
0.8371798348997038 0.7443727920780862
0.8813543216488225 0.9876407063289558
0.6972143684697811 0.34225214153537575
0.062142165398766935 0.0910928429629399
0.566700819263266 0.44089089889619604
0.22115335487742482 0.4071365021402292
0.6769066178214787 0.43927080609346153
0.1648771066407146 0.12786606647456616
0.4338716186139661 0.46575374717122403
0.77068656605074 0.10893623022440979
0.33355599762817445 0.843312747426566
0.8343700989021141 0.1179585228169171
0.012563972620416364 0.8659253959485973
0.2586701968138603 0.1702448354449559
0.23836759797037793 0.4896780049795423
0.24119564097997448 0.2910917044508038
0.012998566533547418 0.2764191501122716
0.3159960287311051 0.4958164168017005
0.22790255610287224 0.7741345031470432
0.7083301788452014 0.9007852998027157
0.9521872168672774 0.6884068093335995
0.40338158562610876 0.9666868699385907
0.12473412079697477 0.6382881434888069
0.7718448515428287 0.4309329464025863
0.6354136380460365 0.3046095482704082
0.6691003649413964 0.6790971389068681
0.04986443450622541 0.010526384984155313
0.3962516361641245 0.455468621126583
0.9225383236884169 0.8611606078857346
0.9898316127335693 0.6976257079350991
0.5758673988561116 0.0898189934368765
0.05588281130917905 0.5850596740434666
0.7344581679989715 0.8383224150379034
0.9927054347040123 0.14920259048405077
0.13438136202654827 0.2260856598877895
0.4551107037939618 0.7381416484451762
0.19446913025806006 0.7156646044816282
0.44615152544774556 0.03495373889801007
0.7691346989477581 0.8447463367842339
0.9376817161723219 0.27992038753893467
0.6591018346298674 0.07446535240754443
0.5536430245239998 0.1907333423145363
0.47982612459167495 0.29436545975036554
0.7839552107881649 0.8120896181754769
0.17343692187744425 0.29195605520276613
0.5567590770066283 0.5282371315674682
0.7038582704350481 0.06005922761999144
0.022930102887287362 0.6175226097234165
0.68254650436381 0.15368062076198818
0.6910574699830376 0.23562837268012593
0.313932092684579 0.702890211405159
0.7526231476077507 0.3665698073060388
0.12709599515170972 0.8773566166663566
0.15393246057191667 0.9786058204244217
0.713440702622616 0.593549452605541
0.1848353010768944 0.8287794471862259
0.06883904403691538 0.2880080903287825
0.2504539991159966 0.852853122803554
0.8743035975936997 0.6566195244427531
0.8771605137790073 0.07407680873382239
0.4996353451664625 0.2704857146013933
0.3995728910073996 0.8061206563970964
0.3101813859842065 0.41211970632245565
0.22045242465805326 0.12752873316736973
0.02461260641279228 0.958191359539677
0.37278412248456183 0.5928562144705062
0.9598899821261593 0.6556252442116481
0.4443501932311038 0.10898327654269097
0.9275168631917601 0.40954397447422436
0.23442539598090872 0.8053299210208442
0.4083147856105122 0.9915914681572837
0.9684389089213584 0.031240077208901484
0.7324161598424517 0.25125680682548723
0.12174055529863359 0.33256324603743115
0.06205426610494563 0.7635466722945665
0.6623831722828084 0.5943526383966884
0.3982964495670127 0.8822382360615707
0.04782330838942661 0.06972553014593308
0.05602545981905499 0.709810339494481
0.17858169603885826 0.15930310415531518
0.5682195981718133 0.7836636901120347
0.22864268263756038 0.26255858072847355
0.344428149035038 0.5615208620178537
0.29820612360981735 0.2306628807787433
0.5562954158541576 0.7042624664675078
0.5322132982817102 0.3387687509087283
0.45922485148492664 0.08705031638708527
0.6109683643509093 0.4942551590823677
0.3738677535436335 0.4149527993421708
0.7122542953380874 0.02930403333626802
0.3549994576846298 0.22124385123118978
0.8724618487612381 0.9526426602117637
0.7056490029709037 0.44871316544785567
0.4285518673001603 0.2976653323905992
0.33823145310375313 0.4680404469517571
0.250180811934693 0.32130625610266966
0.7656037138955216 0.7415915197131341
0.3735508551456422 0.8413087055233226
0.657868913639214 0.716106640144538
0.4184793477946633 0.4929671334949732
0.18794791103810138 0.32721294816368396
0.3062663153041948 0.6524250856946081
0.11908063388629447 0.14366599298837562
0.010809721711497355 0.20009479934104057
0.27723981413436094 0.008980853463678162
0.6980429080724669 0.30430184681723027
0.4673486402870175 0.43867388870069834
0.04308489325215625 0.3797832789362596
0.30726613051608087 0.8150724226165571
0.023094028247105436 0.4647687474443207
0.4332747028583359 0.4066233302731535
0.3451173009785895 0.9207282890112766
0.9134424327608655 0.6039447733149076
0.8268083473891239 0.9874488168205088
0.6313056736734015 0.03340016365594034
0.5354561616717338 0.4421727313554552
0.2878228497326498 0.1347607467665638
0.6411113358539652 0.9746708292921817
0.19947986386481914 0.5913122147079607
0.14259598951354813 0.6076592682872753
0.12332133835839076 0.28662574770691474
0.8416966789916466 0.3718321210151696
0.8367601101908413 0.6694371071954403
0.9862631999020209 0.7793205817470495
0.8487113033002186 0.5444793694315854
0.7349207405995751 0.4737528286651399
0.4262231115137302 0.5379486765567112
0.24641320247140402 0.6967566673459585
0.7037471431280021 0.8286434915405885
0.1068027069859343 0.07809421628512808
0.43535672707225925 0.36642893759872336
0.2521720332240671 0.03885179045293308
0.443671144156867 0.26893705150454955
0.19495843574689914 0.9839664829320254
0.5187167770785799 0.6332251660809716
0.402638432148485 0.7002578512952408
0.613707662506561 0.20700359384228773
0.8768456594128724 0.5956320737524943
0.6187317661773979 0.6699392891581145
0.1776610190361767 0.21432271791853047
0.841784993925218 0.14673654611880693
0.04326577848718277 0.5026125663588621
0.03974899831056866 0.8393518580660695
0.5810727002529781 0.6204503978533011
0.3653906523063285 0.13209213241297518
0.8677113300288273 0.03403702484625121
0.46334831407785443 0.8124608797212498
0.19187641015264806 0.07101656687989893
0.43137635798972584 0.9138516081879232
0.156976075894524 0.8993985198757624
0.3148482673378768 0.1041609875863655
0.988342334050822 0.7980712684193868
0.7133668896822186 0.5541986510714442
0.8120273089708858 0.9098652234489644
0.8660686093332781 0.44553334696096897
0.5080310197285592 0.7429892078160948
0.8384021800138969 0.24127438311370675
0.6365453529596293 0.8876280643176092
0.2710126727976836 0.5444677638690543
0.41731995984208153 0.5983483885928209
0.530886938413133 0.04661911173242339
0.9107512852991789 0.7160293754948781
0.5779592462976617 0.2735736880254362
0.18758869864153194 0.3847088471289792
0.9317187125924367 0.1026490478086809
0.8437249926593033 0.2952047898719133
0.803897711659523 0.008195442485038062
0.49004396942095557 0.011363678672450472
0.12191734593821252 0.9335881022007946
0.6675251848445012 0.21924791647245107
0.2750977102947842 0.897928261243705
0.3139615060063437 0.9901829557254029
0.5040006498661866 0.35988048681240936
0.8109134835289871 0.06392403104696665
0.2017581311319998 0.35163765537315883
0.942927622489696 0.3121952495866279
0.9835843207105578 0.5204186871110312
0.9233089987811969 0.20514450625878083
0.43919432134195174 0.6628591764311879
0.1140720378628512 0.4069095329298039
0.6151572885087012 0.9504121202979625
0.7688749138434567 0.4792056883285763
0.5160985018619177 0.5595040912606652
0.8838337885406946 0.010162503500253939
0.05337424700746113 0.7923916978457557
0.39507294138830107 0.07905669054659076
0.15421795847451997 0.10153228972505973
0.6945061927195759 0.6980875925369047
0.3164642051677034 0.3279945061305836
0.5741254330297761 0.35413916551070457
0.24746508883883062 0.41679237835612143
0.9150683913751381 0.17354436497692266
0.0896374001733502 0.8594113099503754
0.9833729852695849 0.9827323389337383
0.022582594175605375 0.5737705519715506
0.5317966159776786 0.1681072958410187
0.7211413149997126 0.10387046049717658
0.10599912778619092 0.5372785132461041
0.13704355181734318 0.19620423370468937
0.1357162145587274 0.7259012030547033
0.2832708897403143 0.6826692762627318
0.34603718278442325 0.696415769706778
0.01745053268511615 0.051598032077777356
0.23069113838464306 0.239593265132087
0.0917724097643734 0.47021961656654016
0.012986543247707871 0.3183835450384325
0.578155553945359 0.6807542974663977
0.5575603044168499 0.030130008129516772
0.5160671459010171 0.9598480220627225
0.6947641412103069 0.8666013836250956
0.499628921228881 0.1590537956137444
0.8195251386875044 0.5874020643053277
0.6037321897219496 0.3208280123993662
0.7370225288264061 0.7596264636056698
0.1464863397034386 0.0344090345254322
0.20570689150750704 0.7464797650770214
0.8103981032940955 0.6543185751730037
0.3932728241053144 0.38829811803978426
0.21948036385791586 0.8671503766107852
0.953236125950627 0.918130855181237
0.6558452024976885 0.2534690362706622
0.46833268342440104 0.9879584720887367
0.07562434402493429 0.6733668674354957
0.9587554048814528 0.13559079672988428
0.34430502189126533 0.9469109785367502
0.7437298112043856 0.9570096125670442
0.3795239175660945 0.9867269807423125
0.6342712463781259 0.604939796644877
0.7737991939588633 0.5306502895814017
0.5085604376504933 0.39339077818315316
0.6318024302267962 0.45848518821030426
0.25064123010353884 0.7490758339885286
0.6764003482756213 0.4136999652915698
0.3479256087601946 0.7560090877348601
0.9515769280168647 0.9487931653757995
0.7740815748819168 0.14146663083448474
0.4950134827866323 0.5071109599309936
0.005891074375461158 0.7440231433936418
0.4369144654369459 0.14560267133290533
0.06954385860284718 0.18502053953172648
0.8129261562929109 0.8003528599940009
0.8754942453683288 0.11680482694286787
0.28506104181911307 0.8689597160624691
0.3469209253503154 0.30811318614456146
0.6495466895201105 0.40540934892181835
0.5274744258238675 0.867420461626828
0.7645306463132684 0.8759419776575303
0.07647840275776124 0.4067986652730029
0.826787270995787 0.7716934122309416
0.31879770970914945 0.9382941121956154
0.5865069134596355 0.5120494635403227
0.5371291335460201 0.9885973077905073
0.6293135558662365 0.8317225733098139
0.01627509811543215 0.672203577102035
0.20242836255587127 0.9325066963677184
0.8408845970939808 0.7187656098949312
0.538838582346962 0.7549956190518361
0.6116625213217496 0.08144856611374401
0.3749541009983037 0.563105023075
0.8611593164955054 0.3923436676825272
0.026009384971862837 0.23430756526900182
0.9804162537697665 0.009775127998461697
0.43267097674878463 0.8338640345378581
0.4065169799482063 0.7728239209738303
0.9255860678881218 0.8209137033757025
0.4741134328709361 0.8388565953831972
0.04966323618696483 0.4143453176059048
0.09008682451206301 0.33477467206228173
0.986230099403979 0.3034134180571371
0.11646139185523469 0.6655270918083684
0.38634527238077393 0.6551946070007538
0.017024650817497877 0.12376668193359969
0.8595480251090656 0.6867725303242467
0.3169791182310401 0.18295825770073137
0.5393014106109238 0.0741927618137887
0.2322620738215218 0.6278158507335325
0.05717853806072437 0.3506711362129379
0.3544309212797192 0.047435333882671404
0.2083613833708648 0.47729051021747937
0.08739696770000976 0.5744178290175903
0.04405244518988999 0.03492448325324499
0.9137839035362034 0.5420257900836759
0.8986291396968058 0.32521059244307926
0.3522705320216617 0.6491310046330959
0.9466447656294423 0.44832972232919505
0.7478619306864102 0.7053731141918651
0.0997481564685333 0.0377759112685761
0.4193338278347229 0.7329946047399086
0.9528807143939799 0.2465908660739291
0.15321174288244938 0.8289965385585534
0.423222931708035 0.023504703956482464
0.36412403010989725 0.818831252758879
0.8395995130647846 0.07918196589854215
0.5870702746959772 0.5712432742253588
0.06646611555133591 0.9311337227613623
0.8988728707286842 0.09552954392781249
0.8784544370041061 0.8695013020554616
0.8386152532628676 0.33955251058310787
0.6000851728116559 0.23271308369774685
0.1670409723292327 0.5822263206979095
0.4584727552871689 0.3820339344097525
0.8925497698818798 0.22416769348310683
0.9584700787425939 0.7420442001817245
0.7664025450582275 0.3987795313354717
0.2200641212195863 0.5729001497366076
0.49896818883192245 0.6161374495263036
0.38362201674306184 0.20798204805709225
0.9884717813910437 0.09393118127916761
0.7758519717123785 0.9494389319510735
0.3554470412720195 0.978679848321619
0.27938167704821953 0.3528700214738375
0.6979249999676916 0.13616062717837363
0.7342082109623003 0.6123417199845519
0.5084894206435949 0.3183798898608283
0.9738777041331962 0.8583270912744909
0.40754715181014933 0.2299713312945056
0.6843384452437815 0.6043864273247725
0.06675627698781683 0.6133984842318102
0.061819417566366164 0.897163200121815
0.6233922200179307 0.1513680102210354
0.9812793534212194 0.3964403737834676
0.7293855462216903 0.7311270436679589
0.9869924534738487 0.23267272252960652
0.30147840446361673 0.7804736843726665
0.42334647278017223 0.326193340210792
0.09163541888292942 0.14825691541328062
0.2937659864825972 0.6006694534568903
0.7738550808717577 0.19892210597815885
0.9381669905932927 0.7154333013908516
0.60484443816192 0.45383353958891104
0.4908616031579916 0.08782327873470919
0.9108952327388969 0.4824003405596279
0.8211692859386938 0.22162223528668318
0.5197806133012954 0.2651494942961745
0.21449807889313977 0.03505204371584003
0.3077589079644243 0.4510631891547557
0.7420741515438386 0.6755769427820415
0.06668608035513551 0.9913319223489917
0.639274234980394 0.33209560277130157
0.7830232375768571 0.3203490689231635
0.319654792542408 0.03433964169489906
0.7512803859468578 0.08897525261411066
0.4699120388642395 0.4860877092091188
0.14135336480524868 0.4806028898999917
0.2725549126525511 0.8112346463769762
0.5094667117945795 0.9250947657981399
0.36889625174575985 0.09991870533568153
0.3253925788865421 0.2058624741719401
0.5715910648210858 0.12305014085438781
0.2894892804226775 0.9847542412610102
0.026672698867272804 0.9887811457915441
0.87581293510615 0.5525446529700347
0.05368857827402518 0.116111554843572
0.9638039910755567 0.5071230023360193
0.8212471079893182 0.6201265646708491
0.9785793021940369 0.06229862031714911
0.09207821086473095 0.8240758734964488
0.41633859783908195 0.20197471120371407
0.7974070439946792 0.5206334876142784
0.9606450282141451 0.7794618481943656
0.05773752348843497 0.44777832347186597
0.9866827466120367 0.17630453589466577
0.2329019898031085 0.14968319633291816
0.013128494274087299 0.842054684461818
0.23613888762633434 0.18686161503557458
0.2958208900035939 0.2550522056931985
0.847627100116776 0.2682295326868046
0.4020200855034166 0.9253777627520079
0.4863935517650256 0.8875043195045235
0.9850222001810827 0.9078663813278183
0.6557249798514545 0.8531717726628087
0.9852848903840796 0.8208887718727478
0.44419064749958637 0.4405567204365702
0.26400574649101427 0.48507796836957867
0.9059722198955189 0.2594225062050419
0.016335160568352658 0.8004143911046668
0.8367646814851253 0.9274763325551894
0.8021192965368568 0.2791868371129844
0.5593132681624595 0.40977269169885977
0.8089911262200213 0.3649552814245133
0.05786123843234792 0.24826337969163492
0.014866269262625298 0.9343082135112664
0.9630205563867935 0.289293240376568
0.5014622766533688 0.7919579237470185
0.5889520215268529 0.15021243151967362
0.4794408106878723 0.5583522697799681
0.7749766519802876 0.074806783125212
0.36672873596250166 0.01113327308742984
0.3388762220211493 0.4977598496381822
0.6696105279745026 0.18224174124675335
0.6198783745905938 0.39912763714064414
0.7225163068545484 0.18376934391205807
0.10211835475862668 0.7628278655188472
0.8996934499583888 0.6751055829107402
0.10507928727954036 0.008612849090306018
0.25873783469630274 0.9694711962292086
0.2064066708238721 0.2954109229899513
0.9102028433649076 0.07014764050117345
0.1601397733351922 0.4568669263316893
0.39759281913153377 0.16013474708836506
0.47655685174322676 0.9501844139904576
0.9012057450397319 0.37859210362307744
0.9149726811404006 0.98620520220115
0.7817867475173106 0.45106640651605473
0.8865047916264124 0.784613680945427
0.03812564692035353 0.29780652452823275
0.612450201659635 0.6373201373202744
0.4966279710534537 0.42950835285564093
0.7529047059497658 0.6504076469915734
0.7953944513316482 0.8671664098366296
0.4728679815676195 0.6748522787572587
0.6041349963645152 0.7023814347457857
0.05370424233668031 0.528450829382688
0.3234338048528077 0.8753261292985486
0.6628865892399017 0.5278628190502818
0.3356278647910778 0.3751110063756245
0.4383438315510584 0.5765408923154728
0.9840696974002149 0.5955142361168353
0.24124732005147187 0.10062193180006762
0.5937354320396016 0.866084586818535
0.09982628690026701 0.9851065424447556
0.5717895863282806 0.9441366711188863
0.7448917609135912 0.5370697007605023
0.7196350989257336 0.221807916295643
0.7921846853701198 0.1687723893309359
0.49672497027464485 0.6972493902809452
0.8641228059534819 0.17557657320139047
0.11635545785396978 0.21162986269214523
0.8508182688899644 0.42074845216833523
0.5619819868139229 0.24987636509613712
0.7257190004610048 0.29678752457264196
0.13287548237355473 0.17289729782270913
0.944447325730531 0.6272501711500768
0.1692143662003191 0.01307999771457452
0.009167825305007593 0.49439325021456976
0.07069252248355945 0.7331106671128174
0.014318648582701154 0.6465051320032665
0.8022834606520075 0.9402941683127529
0.7986049359836924 0.34213512571857974
0.7513421835874524 0.9907193824085632
0.5733105135990102 0.9820148104841052
0.684891922382284 0.7988524268614788
0.4707870437480571 0.6335690315213789
0.6909479295355656 0.008435881706681192
0.2390717621465261 0.21362278946901353
0.145639160066303 0.06611445563846813
0.518581957471918 0.8964221160747944
0.26657233565570226 0.06770534819560853
0.04111493338134292 0.14846907365207423
0.5325114849899155 0.13863135956488415
0.37256300491101535 0.15632624576318632
0.1872493812700109 0.26747251397561955
0.37781894110463865 0.3570959092135026
0.5506296489971806 0.5793147214565109
0.9373798949483354 0.7838829460340329
0.6286438815520952 0.7377703633336374
0.7557874097204478 0.2297716024123902
0.45430438456647065 0.19311943816107824
0.09152029459478911 0.23544021432780482
0.7097940345659156 0.47984408558877395
0.24094764474948738 0.3484028122858127
0.558074669313419 0.5006581547142848
0.17127475532951286 0.7350710624094617
0.7176534846095309 0.7874314321471759
0.6063864291255635 0.045037935996794565
0.01662225207359236 0.16461489558845438
0.2533335334693021 0.5689328963853014
0.0223015806117276 0.34718211516386505
0.8811572005841073 0.20109242540095473
0.5558700210881894 0.8965947205544051
0.9277820924451303 0.14388532389964898
0.9382938600210986 0.018284037390287722
0.3517936421488975 0.8934171014938859
0.5962071941613363 0.9025836686947728
0.6683029720487668 0.3028737213589601
0.20469162112182354 0.09842086706211112
0.6776535184390711 0.6417274162160074
0.9854424421281311 0.5478073150159357
0.020085507663437918 0.39758614180015794
0.30666937068966565 0.7298627201976929
0.2784995191042965 0.28898399004019176
0.4410724297041254 0.8881822386062542
0.02194406082088024 0.6980447020338606
0.6497406375867826 0.7889934506627201
0.6673097945385233 0.48904948528412445
0.3614789115296715 0.4445208030637925
0.2052544644721115 0.4351716991316544
0.4711826408584375 0.5259937532151328
0.12846315739324315 0.36584298166772594
0.3313048717792396 0.7735370684201859
0.5298795178917134 0.535301873554545
0.2099195049684443 0.6835584138003582
0.7191002459123349 0.3799227858629559
0.12668073736720903 0.9917306068594925
0.9558688176602645 0.2179277479375008
0.24630506997054757 0.9346721852188227
0.6330991313528087 0.23470049126969428
0.682584926146929 0.9158775442153131
0.37834919238037856 0.2628282594883677
0.20555562360570395 0.8865701388558495
0.14154629605641728 0.5135332958818497
0.551353631244312 0.8173842033976864
0.8935611425873091 0.4559260975603482
0.8016455625260411 0.4758258307122982
0.7951969109928968 0.7720955717987135
0.41076386342865057 0.0976205543430787
0.9063532971009065 0.636271477339541
0.13498790078397815 0.7841988954268971
0.9597218202316165 0.4771303336098405
0.03687723880253718 0.207089918775825
0.6261556613337199 0.5765213658391295
0.5223473943796597 0.200035503165313
0.39041693179097936 0.4924953870578947
0.9872329992267603 0.7237436685527875
0.011989376450476708 0.5503192062692173
0.12203378782934876 0.6983726100372395
0.22450533586944837 0.9896748096317309
0.5110425917914666 0.06461592072361177
0.48282310289766933 0.33202691286805447
0.8770216989536035 0.28807759778123887
0.4014860786311222 0.8436255459579287
0.8443649245905989 0.8188932321726675
0.9214752089924827 0.8830386036979103
0.2740757234637785 0.4579520673191205
0.9770904811082088 0.6208860506514883
0.44335640251627795 0.2373100675642622
0.30614808367738944 0.16133496784495505
0.8643960213029431 0.7380442564210591
0.6493873159508711 0.37703077658392325
0.4148446494211967 0.5150200997817344
0.815205859879486 0.03130177546209428
0.473667352646765 0.22143828443270908
0.738545604237516 0.4166120807778335
0.15305391235581062 0.6424917757366244
0.20853230839099074 0.8085873712461533
0.14787959703695686 0.2868145690714431
0.8655324435044436 0.5117608252744733
0.45776885220988006 0.06188425040624812
0.021264641640240667 0.7231120369648665
0.3375028029970807 0.08079974854021832
0.09415763699615115 0.9485177848888235
0.6609055230047993 0.13026551625993227
0.7717535577734337 0.01298741101247064
0.30370510104655357 0.9635025818659061
0.6941165449718377 0.37726417391995537
0.5255018678788349 0.6997955604962702
0.8589860415426533 0.09927549860064178
0.7754176043450078 0.7185503371722086
0.2061538809915291 0.17253487538484186
0.8038458732798666 0.3983486381024658
0.12708282038585944 0.26087574696928995
0.850930991055274 0.2138830288609067
0.5742254023381372 0.2107249254728158
0.09108680261502755 0.508674706183229
0.9829854953849982 0.6735385284192766
0.03227415763253594 0.8984011992208583
0.3372585272410503 0.8009354857104392
0.19555506780746157 0.5421015820881595
0.6098264357884688 0.5499810967550931
0.8073081946788563 0.7085543925331179
0.20224254007621395 0.6318084250766308
0.7621993831114007 0.2618396212767055
0.07334616943851574 0.6427178058963565
0.14706009353126637 0.1446308174845597
0.15737674736630985 0.6765589720316213
0.5216435852480913 0.6636984469939654
0.4088766422173026 0.25817453930637657
0.5968389010184905 0.8141894988609053
0.8973314445244913 0.7336263196040991
0.014276350373027158 0.07900347249975703
0.2474804956263874 0.6684544622867303
0.822279025989689 0.5424402913800802
0.790458310257097 0.5931258395127892
0.7562950750852075 0.33215247621600974
0.1566581902193585 0.35084800299657815
0.4644957167733467 0.1638484259453602
0.09426316770817333 0.3046399245380795
0.38105711493104966 0.7596546394434691
0.39997129180455976 0.052786998621201064
0.45332880864374797 0.3481691467313664
0.05531913347652545 0.9558218048212994
0.4685121337944008 0.028239648246192683
0.7254947699882582 0.15016807927978953
0.3700000719582096 0.4727805141361488
0.6151749267166476 0.7810325999511094
0.16166600624588406 0.7959378511977253
0.6745246844282958 0.7411056888556616
0.34836999579305317 0.727243550622959
0.8198189702709677 0.15762447305274574
0.33873881794866667 0.5943498287064418
0.5060394248525094 0.4810651454506484
0.7240055794855679 0.941846295987063
0.7590528906158329 0.03823798953366675
0.45982222383409277 0.7873416199415899
0.3560456338913629 0.5318992373692121
0.7019401801542063 0.7279787853232618
0.8487297148360524 0.9890111047655885
0.8444192034111478 0.4864458509478709
0.49718626457226556 0.1175965503357368
0.6018101513324713 0.28569775072871445
0.2536972789439767 0.5186337490569627
0.6540486903747619 0.4374483757807768
0.5667204647163993 0.007408620604598404
0.7517877158126591 0.29245105308755964
0.3468048160716345 0.15024897971795753
0.8105802852853792 0.9715719263143887
0.0077671437565888235 0.4472336150620481
0.14242848690560644 0.4272613116414463
0.18037921250934597 0.9382006214794805
0.7350953477409062 0.9036232964021824
0.22380064776746933 0.5170932882647707
0.2805710372801055 0.403254318534011
0.3959967687912468 0.6210239897200214
0.19967035546721262 0.013825401389781167
0.8120305786434708 0.4275344889494719
0.5028173567176338 0.8660784374233217
0.8051718005486299 0.24273573092210887
0.552321818039664 0.10161703639789543
0.7235574699205272 0.3367500931073397
0.9024218522724365 0.8399399049315747
0.3044151506161873 0.29737486758463705
0.40251215018749814 0.02022589729038793
0.5463966811391724 0.8476041540587409
0.5411668597803154 0.9395313556029733
0.7942897980954662 0.21565631963090443
0.4913685679397077 0.8157176589135959
0.7106898758037319 0.532520391962464
0.9129527250175593 0.7717704074004847
0.7023174700576498 0.6624975229428112
0.32038773812538224 0.5344529025654918
0.5401272859759204 0.4737555551117499
0.5935198288695199 0.42009316621339965
0.37186024403050943 0.2952280965264208
0.9307156556679075 0.565117647279308
0.9894396622391417 0.3338041118710259
0.688952254866214 0.9807487136548594
0.6528583041386414 0.052598370826721086
0.984640831929583 0.7532567919582192
0.6744197982433102 0.9450515656213387
0.5694610107906506 0.7365794500723039
0.54962999158399 0.2768892019683643
0.5002312729720837 0.5744754319903924
0.3185248881025031 0.3510578689176625
0.9362202778921295 0.9765646629699599
0.0806642437470042 0.013901452203591291
0.6882157480820139 0.11035882137613684
0.9246974906104719 0.6870327564583001
0.7002267492424168 0.5692714112137096
0.6545854177154237 0.658581045266873
0.5526700464033507 0.6155632952356057
0.32758681593922634 0.2381065654531334
0.43642380760656135 0.9879021238745807
0.18760041108582565 0.412999964634568
0.12247188951491206 0.8140874803916506
0.28786293668561824 0.7504418787269982
0.1337395991248837 0.5814522724843725
0.8755741975546489 0.8062933214573214
0.14976364191503333 0.5476081345261498
0.48190179684003737 0.739635868343892