0.9010822163214057 0.9678690633201852
0.30954806742722585 0.4806138895665017
0.8883150071279029 0.35923086878623045
0.29916398237203745 0.9096592930461785
0.6117306645528299 0.2054913965411656
0.10380978513810635 0.10531166202050901
0.5913971393788273 0.8262792913157754
0.10349036020898161 0.6699759959167976
0.7464318730806146 0.6265073436544659
0.581533540327376 0.5538329421081588
0.9581664495713744 0.04749367456986542
0.25823004824519424 0.2211695318921722
0.8534025499002248 0.7861044433334681
0.5231453869345675 0.08900017745433797
0.18258254139851737 0.4437255264543205
0.09046149192862707 0.8477140514559873
0.772876214401837 0.16201997357215553
0.40383032139808156 0.68416208637725
0.42257376229123 0.36912572812414535
0.4716150711454062 0.959254309670946
0.9241907920310437 0.6219519627426348
0.6559814144231767 0.35248378271602265
0.34857011835182494 0.03954513343657645
0.08240427349574381 0.43832073147760436
0.22948971975157773 0.7312915297544195
0.3747671752369953 0.2366005495036967
0.6841394010032639 0.9153904260915953
0.7186488986189324 0.02945257536543683
0.06091594897063146 0.2471445110855905
0.4014195829106972 0.8501557742477024
0.8497126636187337 0.5627394504486054
0.9851354505471819 0.14154425742754528
0.6792954723828819 0.7157751425318231
0.7505146099167173 0.47918236987879537
0.48944941893279786 0.5766821717707382
0.5493464613705248 0.42364008208828274
0.20764026749989406 0.35404493439797347
0.21449855560575315 0.07241570625721405
0.21945823380949098 0.5488273237467092
0.748433490638966 0.2814142265249524
0.19834037725137504 0.9301068653138997
0.9089816507949464 0.8520880864516491
0.9190838593762173 0.2180460381237576
0.8985926851836 0.4272285550446943
0.4653001726806255 0.7732012322269624
0.07135459261586458 0.5471966384776649
0.836028906543987 0.13095953583731973
0.9417733865137528 0.7532687037483294
0.6002210076094082 0.2829925099384708
0.7326708733937747 0.7995271542462907
0.02111794864531713 0.99014226545863
0.8003400281656379 0.931506941536663
0.07909570579238862 0.7507900112085019
0.5828885596850667 0.6511985919710965
0.2818587244814247 0.3037731157309973
0.01380271926266008 0.008382608281882642
0.971695290930734 0.31363879639191483
0.28274915063533657 0.13323910442661469
0.8632270171446667 0.056208260827242895
0.9587604174849615 0.5039179738527386
0.6348487823623927 0.12110443963169176
0.1615186514106836 0.15429656224780108
0.4066030303186967 0.49108559328365453
0.3447777569254784 0.37550145955533076
0.5675953541250858 0.975749579543568
0.3430778274627462 0.7944942299046712
0.4966914650194351 0.2850154226475753
0.08242435187012442 0.2906577052757122
0.48643748404662523 0.19293064266873494
0.30111386100265414 0.6337217929084492
0.37601477321917576 0.9377579719764303
0.4883936940422013 0.6476310031122041
0.8270649209732385 0.2494272528625242
0.6523480359829086 0.49923564515101304
0.5785746167058897 0.014020269994272527
0.37568180397119677 0.08013232652885038
0.43380508176947263 0.0253513784069489
0.789704948666381 0.34678966040842085
0.22411012185964968 0.845019317902861
0.0930532732155786 0.960092076651522
0.38625138932708886 0.5724532041693964
0.9826394471662083 0.669479315331597
0.18222325358850078 0.6309837463148065
0.12215889368351363 0.525697979069215
0.39558430634831515 0.30375992619908776
0.16180758235564413 0.8206996969706359
0.03276702874390158 0.13742187307530784
0.8666226643192858 0.6394370933218558
0.663567714308128 0.6275659215010173
0.14222783686358492 0.041393489868501165
0.57941351958301 0.7428387058840065
0.7361666113090042 0.19744369855346044
0.2253276458443766 0.9875474645629759
0.5111544554849006 0.8128904731725065
0.018925391478047338 0.6851079835062184
0.034071732311953096 0.39390832451502034
0.7764500814562616 0.6770742081045201
0.23446329624422196 0.42237046988508653
0.7354537270709116 0.39092847624973903
0.9905596945126223 0.8825128645433005
0.015307659028159337 0.856714260626638
0.16244061543310773 0.28578369757114186
0.30011659218117787 0.7016677306687563
0.6801938362390371 0.08622203775774473
0.4403628572516144 0.17100121996282358
0.8662391442999113 0.5038520168094069
0.6542552336050781 0.8275745713030491
0.5389966657081308 0.9063210572702255
0.6310899610285658 0.8709489478429313
0.5479587302804463 0.49042639103931035
0.6703397239489255 0.23556720271072285
0.2003956432984051 0.7039869216198213
0.5350356680442397 0.36598183125444594
0.047228642591531145 0.4886505552760315
0.47369117519170567 0.44164744149587265
0.8176306220707708 0.06310293512499082
0.9512308530398154 0.43245255670218663
0.8801830570002505 0.1709583623228555
0.3520134831553253 0.16954970128368368
0.12012444646994419 0.38640346812278853
0.14557097322661788 0.22673038546419544
0.20639269415255035 0.5164261827683475
0.7381472515037348 0.5207530231855284
0.6410345832967386 0.4361315455718973
0.03438799262389752 0.03105935595881737
0.35025633800274414 0.9887131933189652
0.7253954006310088 0.977080976791922
0.2487650304827636 0.009946934129174245
0.6961054783146862 0.31343106287391553
0.14086997013273006 0.7675879106466238
0.291935148436268 0.37333447325214086
0.8304133537417029 0.7067079321982579
0.8084021210357928 0.4495787379974244
0.6466548021709185 0.03814358468811829
0.604157401529821 0.9525269235298666
0.8795937280431658 0.8195941246524812
0.1484603957434038 0.5513834478200169
0.8537045237602057 0.9479492454293361
0.012356220456513911 0.6122932069263468
0.039261063243755834 0.8000779751046491
0.9169862252310014 0.09300707847407463
0.97475397370113 0.5882810220454313
0.9435594933343101 0.9882468227613567
0.9862295840991013 0.25218146942068964
0.4814675795962276 0.05294370882155858
0.8715994331069212 0.28730194684980087
0.36723382050406506 0.7377360182098851
0.5502368896095859 0.24102810389951157
0.958162639067158 0.8125745989367646
0.6908171359181327 0.1645920784398736
0.4347986974917507 0.31653459252177535
0.8692860262710064 0.8826738308219548
0.47676169003555885 0.833286009357046
0.30054341359604797 0.5339768037278773
0.08363616499301729 0.1990027580088365
0.7263163950396128 0.7502734559030925
0.45267095230821586 0.5308140545778989
0.82280030230847 0.8221284035326852
0.736600063346742 0.8981747848242094
0.5987768708020436 0.09253918697530988
0.30286251433680333 0.8343541061969495
0.5363840801952997 0.7345181315303568
0.20141871289793983 0.16872589188791964
0.13203500623929032 0.8849263019065817
0.03610124863008085 0.9245003516546431
0.23891687838204206 0.6301770249390312
0.4277673305366343 0.6112805525929605
0.6532921035145537 0.5354089004186663
0.2668463048814935 0.10218344436081256
0.7076058809176062 0.4640071537235106
0.22406423511584367 0.2801508656858015
0.2799986596278671 0.4419993665396773
0.5359138923502366 0.17463682968790584
0.5854213639592722 0.344685444047946
0.9267825311016095 0.3193554185716229
0.7645808392271449 0.06848847694715937
0.3216274395931263 0.20529071381689246
0.9252407655763693 0.7030469378084659
0.019885037498429736 0.27984725601975435
0.6712175964812054 0.3001709543384812
0.9343577144089539 0.8922286741083544
0.4434124377108467 0.0904296415844768
0.6589621879735575 0.7984574659888546
0.8397834147891252 0.20855613588136102
0.43969819455837905 0.9454361023982668
0.038695480424500495 0.06144423204238891
0.2653717521594167 0.9465287273512937
0.29489786679908125 0.7574149514916135
0.34584011439678863 0.3009494323851044
0.6172723840994687 0.7469034226727599
0.7813450775178242 0.5807132750729239
0.5659651597929388 0.6214537223062522
0.552014222812672 0.2976944312078963
0.16196235959430122 0.972126106242127
0.9239541149981163 0.47133646458394884
0.535466624563941 0.0391067078197056
0.5754870481898595 0.49347405486350404
0.44945839712016145 0.8534115419561561
0.8316011948594106 0.32624470523524773
0.6690527833739572 0.9784651409852598
0.34361389969805267 0.8576263667753685
0.43642657492565445 0.24906511712360646
0.19787478146989884 0.8902842667931881
0.8061293298771538 0.5132907994087339
0.33652294670745553 0.5910524505884015
0.4156476479709572 0.40356770573086076
0.7341607697159727 0.10974012724923393
0.9397986799318649 0.5516900020721309
0.5075417385999011 0.3638789718871386
0.09335050459292982 0.04741332280332433
0.7182627732965314 0.6819851991682822
0.9924938042190123 0.3718943997588414
0.7855239255672075 0.7840596006530581
0.20610659003379866 0.22649448822282175
0.28679600587230775 0.047348152415839506
0.12297048452166937 0.3485685333930968
0.6742926190491503 0.6633462103904146
0.4330235121170576 0.9755502551996043
0.4218241709356608 0.7981236905449469
0.7889123890461183 0.9694022465165324
0.8253358353454217 0.41648216803840704
0.5249902713244301 0.5582452924835323
0.42761885767193375 0.7158537853424737
0.7594191358268599 0.35936634489923713
0.5536307248079329 0.7009834006795566
0.8274046564172699 0.03890880348177256
0.5070597141841623 0.9524354178177619
0.1324129730688965 0.08628800451474117
0.6815624063313497 0.4406809813625653
0.0486461115455224 0.6215087580678517
0.10091153114318613 0.6321691810331662
0.6120145102544507 0.607633305371501
0.6873585313412705 0.6046964193799936
0.6074059285660826 0.6784479652264163
0.01339055048608695 0.5280812210336987
0.1321636578342435 0.7012102328262086
0.10746474143160512 0.449118071684689
0.09214541281855154 0.8160216031436254
0.9557073972087552 0.18877588203339696
0.2752612216465865 0.47701101034057825
0.3719024605201722 0.49982150346671295
0.8007991165448252 0.7539530925789808
0.17953003382554994 0.7731361289597037
0.4706887483913948 0.1091218359522303
0.8680316325344877 0.7493988584340747
0.26426933432996513 0.7211700513687043
0.988212866388082 0.022507223123351627
0.38873911065349376 0.42281414004903795
0.4680787119656246 0.48782784643730787
0.7996181317707073 0.6260935551452302
0.03660378352977889 0.33335139898548316
0.328945492456289 0.41745344682569724
0.9875245769077349 0.9320848950395275
0.1724508879782003 0.04825481723805902
0.33203766424154124 0.23451974740745402
0.6196568393017647 0.47612521241184963
0.5617606445398956 0.9313165243538954
0.23458921666630206 0.3191008957721917
0.711765032327762 0.8506080715374769
0.38758176513499004 0.6387248377812569
0.2537916088287311 0.12332917715351649
0.26142734791353606 0.6903712744888233
0.0560806799627534 0.18171631647700515
0.9773522064995097 0.7522635126347867
0.8805060543141006 0.08485479212517
0.03712076684963933 0.7770817310177741
0.6519425473472475 0.9035615748925296
0.5951026584225987 0.1596120334850631
0.8436078478426166 0.8910447313300109
0.022784750838737433 0.2080849099574119
0.4700329947287877 0.8859641932576907
0.30401710195943443 0.2485441290434403
0.6330706031697898 0.9830897551751265
0.6312708681360374 0.27345834237972166
0.5310506920782689 0.8682482179800571
0.46591253108054054 0.7378945506530437
0.01449425471553717 0.4799698049156614
0.07914124753056856 0.7048303400277597
0.15032652345288255 0.4939281307430065
0.3914620295224125 0.3426266394661178
0.7789796980506953 0.8896292423325398
0.518199765394912 0.21956948328389214
0.146341200440484 0.9115784031086507
0.3676353601929846 0.7662960401368137
0.3440793413541804 0.32250280119254054
0.9084820963664535 0.549643269827395
0.2354897325952161 0.5075364156782284
0.02040704704903934 0.5867968994509176
0.5826429803834848 0.8581999461759879
0.05742731122988409 0.9875451998452187
0.9902131512863808 0.09926467371220377
0.3106557049073554 0.11441105205598384
0.8892841597889934 0.5830180437052982
0.7156899872215666 0.14450208319424923
0.21924979166621672 0.8739880852937005
0.5687348945852364 0.11590573344879707
0.7949005398862472 0.19635075282663061
0.3337882723996859 0.5392845994132539
0.3431474785835613 0.7110187101541665
0.24916387005287471 0.5782624778453801
0.8961635747966692 0.9091302505209213
0.9494846991105454 0.35026166975966005
0.8976555386627947 0.02722257370769221
0.27666277631152314 0.01537947615305102
0.14133772686717527 0.6726613536621753
0.808731226782396 0.11201216561897598
0.5109559943439217 0.6506156108279753
0.40998067770382995 0.8826824355981009
0.9004696724605645 0.25935194655363614
0.3366953877199189 0.9304298813925814
0.7393807886086785 0.24510253839618873
0.1751110315076313 0.0155877095302428
0.3588963261796642 0.6355767251734563
0.06900090803258391 0.4040345978160251
0.2547389474574189 0.1957407637965165
0.8570150067618849 0.7146382921506382
0.4163703349983693 0.19093281672741885
0.3947246139538917 0.14311966664544284
0.2649765606718256 0.7938188240574311
0.16876394012023332 0.11332874062392462
0.5041390641148729 0.7796009261065266
0.33151964315767557 0.46186102363055376
0.31341574031515834 0.15129802571338746
0.9786274404273008 0.8515734169592479
0.9718796038453738 0.08701131720405736
0.7720196867717517 0.8628895260433109
0.8843319209826459 0.13251007252124647
0.49032743450745425 0.3876942343207598
0.7945485708657398 0.4149818500247544
0.5654856278597645 0.07205047006498655
0.4241733812047116 0.2848814894951859
0.15167964314428822 0.5783881559690269
0.3013988829963602 0.9897924024168204
0.12562544696007905 0.8240389500862945
0.24804281371934767 0.35253672741398256
0.982169775691837 0.4418660981085634
0.8578104559049835 0.4653866570855285
0.46038936239036155 0.5594487256010654
0.10667756852320881 0.2283880096614389
0.8349262920073117 0.3557258909460374
0.05336574857243653 0.6823397538419068
0.36937756629319324 0.016930533069919818
0.9238121138407871 0.9399283244801762
0.629172265959133 0.06652862704630635
0.18015977329187477 0.3642939452161056
0.7123493501669333 0.5701736815763037
0.6654387193517466 0.33440101658691723
0.729472304027768 0.6511670448483057
0.09200249563764745 0.16958659635749362
0.6311647093481703 0.5157191760350588
0.25672530464678867 0.06891473231187378
0.8218128337297503 0.9868295272728165
0.6906254382848029 0.7973929755866229
0.9057623448667917 0.7945521140648792
0.13671266440670626 0.739208309669261
0.06194871768979088 0.11856055742319072
0.0498128755451307 0.8574959702144946
0.9843519509264181 0.7274117028211746
0.5274689750743752 0.3328851895293664
0.18635139898978037 0.8533065816895133
0.4948364051734437 0.985814595183197
0.5977309765163181 0.7837797469702715
0.787709855779312 0.5532319584474383
0.4509109059987127 0.6689945235085094
0.6269022004450702 0.9276517330100906
0.4319035722307898 0.4281319188444201
0.4661043553482834 0.13401735890869737
0.9491246502535577 0.6439192176416499
0.706298940389676 0.19524551345041974
0.7680545415574919 0.4518778004512465
0.3788344207892652 0.9874017797963177
0.6615258815519711 0.14434877991420697
0.31721718966742846 0.9668803400421966
0.20619068480036412 0.6756510637231088
0.9490918128635796 0.1331452851623136
0.14688981159882974 0.3162408647696531
0.09500900224042552 0.5480268413542431
0.47805332202795975 0.21941634319883224
0.8795236278297116 0.21456121288753432
0.836477579255041 0.624528044941255
0.2174211619628199 0.4454238144287336
0.9504765903203385 0.6789228396241825
0.6807592401707128 0.012810788457330191
0.4185371109858133 0.05513695575426186
0.4574275564065538 0.014787335010956582
0.47234953686545733 0.8041812167019882
0.1887573701861457 0.1922196970505176
0.5118908681194013 0.419245333265785
0.055998099497351184 0.36578071274471513
0.6260623807599943 0.7084074160541745
0.9200882584689829 0.6639173941252345
0.2656505980237601 0.8364292152112804
0.052725571329168885 0.5221148738207277
0.696866638732699 0.3433937792596925
0.15656020857074288 0.604180516349148
0.7861732602514697 0.012825302666134464
0.17035687954152345 0.7218007639994795
0.23350790842775837 0.9545451871435043
0.7867686600989847 0.3837234529241504
0.39113837807490287 0.5212546889164971
0.7161343092043142 0.2675313137657136
0.7807186987839605 0.28774518489754297
0.6529642993112887 0.1950234425350295
0.017830185851046898 0.7502654500677113
0.013891363731992012 0.08491775707851912
0.4934156594269236 0.6846744544436251
0.4639733873837506 0.4613625582125148
0.6461133087196205 0.7367585854723173
0.10360584610919277 0.9875594169538032
0.9366081026035931 0.37868131462186416
0.3465174994918052 0.0720687967269038
0.6203809659876113 0.7956734405827743
0.14032590892912805 0.012711956985330175
0.5794014964946691 0.465320614350674
0.09363202313586122 0.48751379471272666
0.8242823078170385 0.15581711306943424
0.6773645998969319 0.8839006104553814
0.6326306373499679 0.3770558317730603
0.8513929695467959 0.01874264871542114
0.9890715159111811 0.8042512192369484
0.47357799565078973 0.26024737960828503
0.9255508481162602 0.5812487608540672
0.5823198506057562 0.40153344868708196
0.3370403537944394 0.7553669600637618
0.4877846158773167 0.3234301569230981
0.3815576993802439 0.830946424891712
0.84893823552105 0.8543780904072809
0.3124637229682148 0.30639339974329505
0.19695704498644978 0.4574409775146147
0.21403754918563966 0.014941325901206115
0.08527261187544838 0.5835737595577655
0.862556806357254 0.6615887700102471
0.6041793527733983 0.508816250944087
0.017079896868928413 0.17496073397040746
0.7680254376711957 0.9189108977941631
0.5531357025667085 0.5673965086302755
0.035752561854399734 0.4569036520457793
0.9789258704176784 0.9796001446725144
0.9881423099134896 0.21301366426715662
0.9429787901438699 0.24733404044219842
0.9636273027094179 0.5342315695045534
0.1720106107251182 0.4212263513134938
0.21045556933987847 0.7877071676495393
0.7448846487837859 0.4237094944293328
0.5469608571176272 0.759218723972546
0.674616832869123 0.5469033074844923
0.7701536765213357 0.7108448518897662
0.5156807359475507 0.4959484258509113
0.553190828413512 0.673168486924513
0.5629141386920584 0.03417319429276722
0.08776874823098046 0.8781877911442063
0.1060467679667969 0.7662609930568118
0.6015456166382699 0.9878471731813889
0.7740168968993897 0.510725844486962
0.6376574257212466 0.3082020991237377
0.5634287014307188 0.8930821234510751
0.7040261761865844 0.5042272797942304
0.8639508667870992 0.9889842037198868
0.00791534264996474 0.8980303433190413
0.20616792942444312 0.13210112706629618
0.07677899102705116 0.9334459950067613
0.014959965358513183 0.9433480660490021
0.6236228251215713 0.5619488034131123
0.6222157683337259 0.8436433033530087
0.6527519507837122 0.46081605944847087
0.1742193682899395 0.9023016261351942
0.3248550057717176 0.6838754859143552
0.6834985448886817 0.4062187681368115
0.3796107730783972 0.7904285633952673
0.27037692195835716 0.5943290577130275
0.5274595564769918 0.2679559999550384
0.9478215699952899 0.30237455686677817
0.5406059979005892 0.8328597088889791
0.8069029795319576 0.894797867906378
0.3622459199922584 0.9029233493908324
0.8451315004630341 0.0760158701859282
0.1514271265276731 0.7945631785117351
0.31886854389677366 0.8084462027517532
0.7609935341286133 0.9847068164141433
0.870273445168686 0.4120247442633648
0.9541744268722923 0.4672690528867147
0.9841102705681763 0.4806249869937885
0.456682961484453 0.3313111121505133
0.8846163746108411 0.4556722649711747
0.11546613181825488 0.2941513452225933
0.18883866074843086 0.24919668528814615
0.18067286850826464 0.30998975489563896
0.5748643690424516 0.21057549107329904
0.11648017556240653 0.057351218457835584
0.6742368884408921 0.766665288813143
0.982624705940824 0.6437587840649996
0.07260214815027521 0.32909180230210344
0.4360311459787102 0.5761339603703286
0.09548403014215712 0.08027502532037856
0.8768459188131168 0.9490563198526316
0.4030947063536966 0.022158881631480887
0.10645721567453625 0.41222635220547793
0.012965977634232795 0.4351090052639163
0.7039601688934319 0.11365696187572039
0.9295482444546843 0.040107071721941
0.3448304406539532 0.2696980243946132
0.24751558394210016 0.6537581890584143
0.8102866261171753 0.5974128872011774
0.13263570615594145 0.9580412248655974
0.22914754454070485 0.6879235819446672
0.37871389012725565 0.1778131562950167
0.6096330369915288 0.6429007776163804
0.4317385245666976 0.7727243281490039
0.7090954673562687 0.07750473782160089
0.6172146452835735 0.24296571992612953
0.7189184644060728 0.36617728229561375
0.7981379998387013 0.22830032042126075
0.5205606038542171 0.013040110665327287
0.8165694435683679 0.4718348124831274
0.49399439397930717 0.6119786482749896
0.36035243014266705 0.45669867113838286
0.16186918534242273 0.1943825628207222
0.7360498332795574 0.7328776372699011
0.31657555340933774 0.8694970741303087
0.052543867602239336 0.011751553156708394
0.6472055346664956 0.2422064682026292
0.15438337679159486 0.6420802281952228
0.23543515434494716 0.9157577019780772
0.27740414142611386 0.628137705356327
0.5909210873368155 0.05811144232835419
0.46193314725355367 0.3019774276088334
0.8787089396583954 0.7883831467563058
0.6375282546178055 0.010556895020834067
0.9264735814166453 0.8180009207057928
0.010611219936561112 0.3855512553271247
0.5988876025502899 0.3178882891015311
0.041464471985896034 0.6566080403752442
0.4191582333826279 0.5531848013497321
0.20540199908645845 0.3872503227478258
0.4495040553602138 0.057586178974761426
0.9161265847821327 0.17815098734222562
0.124019918280656 0.6018436119642468
0.9185471379980616 0.5127534169133587
0.9601127951267696 0.911120233274628
0.2587675935727526 0.41551327470714106
0.3272586161167481 0.5135831063690138
0.26650404468912997 0.50747625704187
0.6138352821040884 0.5377840280890775
0.41341884849958876 0.3374481630267805
0.6599663877815051 0.07132732968619765
0.050409834379412655 0.29866391724564145
0.24999555303468007 0.8745984065562217
0.8280963997463552 0.6513244725354229
0.18917761075979683 0.5729135824261552
0.8074388615985457 0.6788960043421294
0.9597155351417133 0.01393990766031672
0.3920221662488449 0.10125927861832262
0.3967585631624482 0.3774789056400018
0.44132987833914283 0.213878348397132
0.6507130378287873 0.5683097426262443
0.7647842826687362 0.10717993958616373
0.8641120008090606 0.32440510586168636
0.3114160415973834 0.7790755753594005
0.3821456471608126 0.0496643478247592
0.6521463942424409 0.16616651467109023
0.1162136970110842 0.017890256870006227
0.3968807169488976 0.2753548306546065
0.47847902149692706 0.9324984826610581
0.12318113351445065 0.20765761795065957
0.8378259273651976 0.4945792395901792
0.8164464807724019 0.8559519325081673
0.8991155509075424 0.7556048587805433
0.45329907214065135 0.6235116214814411
0.9599504633221649 0.21854913715231716
0.5751331062588438 0.27007326951702193
0.48735770170443843 0.5143139024030763
0.8979317611514561 0.6503003711996405
0.5339747589843109 0.45493450058348994
0.5943235523554167 0.9133815190466835
0.32396053048459383 0.6595972561338839
0.846790882394861 0.5329650948296114
0.10274216857968227 0.7365473172219736
0.8511618819449931 0.172949769848394
0.6832717897013485 0.04523246124210939
0.678215187029132 0.4813863698917212
0.01329522485481427 0.8156036244315077
0.3139293416940043 0.35446061627637004
0.3233889970587451 0.2787886902491342
0.13717454604953022 0.11599073777558705
0.24282132343197965 0.5358772817760717
0.30665284282189387 0.942943348703378
0.804990470277476 0.17340954095311767
0.8577161478334584 0.11536060312092761
0.9288658273554182 0.4391197366421461
0.23438720611335667 0.0979249548879218
0.4968269668103973 0.7236689552167264
0.745295172141349 0.7734572093398884
0.8714307672798556 0.24343065728358831
0.7639260686013418 0.13176214824621346
0.6219781600143175 0.14984511547873486
0.12187419610635203 0.4774845371513177
0.26464440677324585 0.3276008056549571
0.760110780767588 0.3939935654161949
0.9733045403624253 0.7788738852355481
0.7240800638871085 0.17127604017217363
0.3088913038528871 0.016636599659006768
0.37105647346658543 0.10755106068578157
0.1550336114473681 0.45042602169568813
0.6849395531548446 0.837910246349831
0.5573485617922227 0.3312047360937084
0.539599495989366 0.958376473889629
0.9125546744564945 0.12113585948980898
0.37286752175589744 0.3909656891685659
0.5454976720940611 0.5300543363187997
0.6110179963492175 0.43965058466087453
0.5198265685416525 0.5893583880435304
0.37665199889353584 0.8689351841513562
0.7655690623072788 0.6485213670232947
0.4855651931866782 0.14894733403222782
0.1710163473063886 0.6893629554656391
0.4911602920721454 0.5511271470002561
0.34312339743922754 0.562783953985048
0.6012676496898444 0.722542502282553
0.4663301085691483 0.18041404151217805
0.055874436067228916 0.15243301039674
0.1907329205748991 0.28750838347526997
0.49521335190252536 0.09604946105095502
0.19451651384781882 0.9710029852828773
0.2349842051296887 0.38041479846392867
0.17170851488917693 0.33907151194099283
0.26134341734470307 0.980284223520389
0.2519704018976201 0.2877057587606775
0.668241662740855 0.9382862365251879
0.5724384600750974 0.1771346532420598
0.21265971997235833 0.644790167527196
0.010988499189787448 0.11271672255283771
0.35600734425524927 0.9619893329236497
0.7363237799262196 0.07181704886445112
0.05576290541661322 0.829800590473087
0.39464262727186483 0.9094936504628589
0.3890614227873987 0.6089330627605505
0.5508194509462809 0.648942128410082
0.5224085376942046 0.2977929846602534
0.507368604340345 0.851280075274469
0.5982548359100403 0.5818024383519287
0.5242262238965338 0.11671836125645263
0.9867155998325194 0.5623317664389643
0.7268747024113109 0.49228438738838626
0.7256782935423142 0.3356602193453273
0.5729043105161217 0.7880635857560274
0.3123481358125237 0.7336649613289647
0.47590785258664675 0.3602182846443102
0.4104218567854753 0.592958185373941
0.4410925983242566 0.830069663693391
0.7507335720433224 0.8342112938561392
0.7086911293208816 0.7738916475714775
0.9837593603113379 0.6963782192840186
0.17343112593927612 0.9482964710947741
0.7001354377150776 0.6431474258002917
0.40893927086027193 0.992023559247764
0.8885934255523456 0.6808851204117783
0.9631931033968371 0.6222135831906417
0.8988771152564443 0.8228733228877683
0.20419549514621083 0.41942467949860956
0.045083349091816105 0.7145247881099146
0.4363467959336344 0.12931497383301654
0.7190799823830525 0.9420529036728533
0.288263710897413 0.8681701276851965
0.1702687169585984 0.4754498180830467
0.7508820193052607 0.5611699852383849
0.34456873385173314 0.8231419164763103
0.9884074813057263 0.3408779879949194
0.1355552023741628 0.43523009046682654
0.4005690118205746 0.7593975783121603
0.35646008335290214 0.5255417576808445
0.6874953189129551 0.684219821885337
0.7760984703239391 0.25361342829383543
0.8634572152287909 0.6035587586690226
0.03620943696699497 0.23914726872867953
0.9888034531861875 0.06248654905008039
0.9755146404102326 0.4147965400038452
0.11940733967709488 0.5690428221399708
0.3967510526004837 0.21088055347642343
0.6922051073677571 0.2775915492083976
0.39614580157425594 0.7195413138145186
0.606628349794446 0.11983045095612399
0.30707743108440905 0.5996369292396995
0.4611191358078162 0.9084139274505574
0.8212194119430247 0.7297036257909986
0.17821346245851105 0.9912134173173732
0.7060780999893898 0.7120551696651896
0.6097585322380471 0.02913737714256376
0.17982777827268287 0.8001914897304612
0.23257821355097957 0.7709204274327893
0.7508817846751907 0.027991979025486835
0.8492503891127099 0.2721252547081211
0.12153865407441211 0.8539163595430512
0.5795491122912634 0.5209185040505295
0.7368940704825075 0.7038121864742619
0.23116689189562062 0.24140846465247534
0.19915428351040615 0.7299622452142973
0.12628023674412958 0.637567874474616
0.5209506276152929 0.7091052830586912
0.150044855852415 0.8420014209472386
0.06736814648271916 0.039475528223021084
0.8791737181494277 0.849602466813456
0.09833074765088573 0.3270029215615607
0.35381874547238984 0.2091131438947505
0.7693148722343863 0.7455541419112133
0.8251032736743857 0.7880419277415001
0.45570667557358674 0.7090179428643908
0.852533863594264 0.9251650926845671
0.6555726943713411 0.4066754950067243
0.37041516864794355 0.26976923976457656
0.006247104611799781 0.6516432406044614
0.7888903100793818 0.042266074505143414
0.9282475659236264 0.7291349984539229
0.04184084190281373 0.09962834739272453
0.3019592302013162 0.40651758125960447
0.6349492261259375 0.6231528343475583
0.34611362162972653 0.10184349262655679
0.4639667986411592 0.5955729723388128
0.07297182459050233 0.6565614672882766
0.27375418268308427 0.2516534426956791
0.7380282218275775 0.5960752470283245
0.28262819529042316 0.6653594941573195
0.15748211281909624 0.876580372424963
0.7277713869487633 0.8745402867093199
0.2648911548551619 0.7581311554244843
0.5202745322638562 0.9290826059300176
0.40189757508572643 0.4507541838124844
0.9493687816415115 0.15902772303387996
0.44190970975229604 0.5052642790626886
0.8458714183659275 0.3983038409385198
0.6417521321204616 0.68023177205295
0.370424132894704 0.13512214603588923
0.054237127311638766 0.9591625009124854
0.29266238201683337 0.2749566712756705
0.2075439478612019 0.0467969520637756
0.8537359284414936 0.8208453627175558
0.7929751296774672 0.6481068773498134
0.6803260581585213 0.19049953784369184
0.4629391787020771 0.9836241795773112
0.37173356303206906 0.3204680228175207
0.06431462607681993 0.07437535310125587
0.34089773465776 0.008185550063261715
0.2711667846227278 0.9099836562974646
0.4962666275755684 0.912901219278689
0.278525373375224 0.40458022177167086
0.2207383738486376 0.5834408948437377
0.7817542129610888 0.31744801871417394
0.8935387987850966 0.3360717455379557
0.6279834459244734 0.4081164371474423
0.09090568961489398 0.2539862461891015
0.23843413652881307 0.17447991806245672
0.6360509520128755 0.7714100974144631
0.8979981790026674 0.29966808584401305
0.8006419628056258 0.1396874622331618
0.8025761937278679 0.8133176295333913
0.20415810652908717 0.7542583360431301
0.8151340634234274 0.37281900330171064
0.8976583484719107 0.3931813513592808
0.5613217542117336 0.38558206073525575
0.9620290427906311 0.8803942877434554
0.13778084921555483 0.9860266446489383
0.6686145333408033 0.3787861384543481
0.7931331909462989 0.08807582055112068
0.15198286130879263 0.5227821503925209
0.9922816647153985 0.2921017619283598
0.9420546715570346 0.5997880061714485
0.619543752181347 0.8967882945700127
0.6613208432631043 0.8595182716466923
0.6899031145647806 0.7405995344127592
0.8254593904377348 0.5801422975938255
0.7327892492772505 0.9183009202801138
0.44077344029305193 0.7465533661923014
0.7008923930267585 0.24582481006967916
0.7523680778760504 0.1787216124843924
0.9631140073681328 0.952458470338274
0.2503597664868221 0.2507926788208959
0.4689804452551003 0.6372963499391122
0.1922936032477604 0.5399611895488273
0.010837703676858879 0.780103076316918
0.1176458377995383 0.1875391041347434
0.24174375957089667 0.8112089521030168
0.49997332555186175 0.441103051484073
0.6438897255141236 0.9547665923575944
0.3082706275128616 0.4415778512142028
0.3516034197869037 0.42476705582122265
0.5995915390229742 0.38070612365637213
0.1131532527554765 0.9333580783227651
0.7842288136628396 0.4757172256421758
0.7298875805349039 0.4554641592728673
0.5821750942883831 0.6980792427969577
0.4354225471089971 0.8729665713653542
0.26818494893276434 0.15976282545170029
0.8989386459185322 0.06155809831438297
0.8134092585093017 0.0112051131445709
0.03843548427072846 0.5518322621914467
0.416935356185733 0.5237220900611301
0.3308745103468984 0.8985991449718627
0.1277086311478045 0.2545092879538938
0.9107719184017156 0.15094646198170036
0.8828853663635183 0.5273638317964208
0.39940372678911096 0.9586617475363949
0.06510252325343407 0.2189620123298906
0.1772536333571053 0.22156712836258607
0.2512298303267685 0.450922983569887
0.8228817595092282 0.9568653048015692
0.0871763208602565 0.3656950865848187
0.4141457532755581 0.6479222029700334
0.4999495674208489 0.1650068367883198
0.5299974421767943 0.39826973326608056
0.012851277004324868 0.2502355674943132
0.5220717883023192 0.984005786033668
0.923503702157499 0.27515396960874283
0.9861465256786066 0.5146127053990477
0.3188952079214088 0.17326897564822857
0.8899006030772969 0.6180963971060038
0.20191703289344493 0.4874116592422986
0.5761653556227991 0.4361707704681527
0.5514441190481597 0.5997137620136833
0.4302975300281156 0.9090032925676337
0.9375122355189281 0.8509158000434276
0.07046332150510948 0.4602228423556971
0.36479003676247046 0.5917621816429343
0.3198522419925319 0.3873599083424733
0.9383581444756295 0.7856827944415326
0.8968914363043372 0.7218013432792169
0.01536136607798222 0.3339798137588098
0.14373266443476596 0.40704608746647847
0.24329516913928373 0.032743696540280975
0.1641033422259362 0.08199224691456275
0.7014024910988517 0.9925695885117118
0.8931986354279668 0.9898645473714613
0.07323938926512102 0.7931816909921567
0.9397074078663823 0.9622839967090779
0.5416676413278264 0.7881628771308549
0.8081697470446589 0.27171699535473004
0.7070109471658168 0.5381326808691261
0.218716368653798 0.20332555129220847
0.2829238137318928 0.08493283297439447
0.4864594079771967 0.021025580370764685
0.1718522357409606 0.3877480036824746
0.3301914889820604 0.6264987433325713
0.15720714998145946 0.2549753798956699
0.7673644928588597 0.21578670322139015
0.383163286140905 0.5477741468609917
0.8630864409622654 0.3703301682775336
0.1808677380587414 0.6592480726585199
0.9587193873886682 0.7155502646229512
0.696019242852184 0.21962457814130304
0.012073056079205446 0.04113601610134743
0.2858798662388322 0.7973545754247497
0.026214449224038427 0.6319367193337272
0.1848281238767967 0.6036255327938177
0.4492986960152056 0.3911339068590523
0.3048893735580094 0.567102197518936
0.6462234385538712 0.09518635866962477
0.20052482725217124 0.817769573415782
0.9751036891680787 0.38541078304504534
0.26723824476480146 0.5474644405868307
0.5483360809596494 0.08949037504305729
0.207688458618059 0.2607414510030397
0.7233408203523044 0.828053597404389
0.8360751486769281 0.3014812289353586
0.15017875984124257 0.36549916232790336
0.36882502837181086 0.6971559693492042
0.7743890380949725 0.6099159974661303
0.14032829435057087 0.16420920734999972
0.4140808156485524 0.9318209798388659
0.4442433046209573 0.3567060720943671
0.1660236831299382 0.7504667900673402
0.5444483301852572 0.2082056305849862
0.31579343025594975 0.04674913291754201
0.7476737869097635 0.9532804857426209
0.8371540761190275 0.6781625679246198
0.831693255210504 0.09683439607902455
0.7240866710070921 0.22376598057638641
0.0788112266253354 0.9831217145030469
0.6159450948116216 0.8196689640248631
0.3306864390623623 0.33875538889569934
0.4127331831331578 0.11416673092280216
0.5383411756348617 0.13926591027752805
0.43505476278193245 0.6404363680392313
0.29057532562932076 0.33434905720909297
0.3459644616594793 0.4944189748693368
0.21782981308919136 0.6179830661207716
0.6394788172376106 0.6574783181750843
0.7194156214647716 0.2991486628523301
0.7742021847616833 0.9442255196301574
0.6993540151895237 0.9675354405637259
0.44653992658492864 0.27376483548724406
0.1039891137647615 0.5123495566694065
0.12235574965239487 0.7963369792897903
0.8244104038500777 0.9181968400725694
0.7970884894217832 0.7132807212328043
0.28793208382970503 0.9715817848304875
0.3279060268994308 0.987287269789517
0.615163081115709 0.35246761853179154
0.8570061901885578 0.96874773963499
0.9664213490140663 0.26839746403850206
0.28587764394780235 0.5147890292107599
0.06548843593831727 0.8969254300918332
0.8191307622103137 0.5428583120575385
0.013122307098431818 0.7150513937940568
0.8742943394965598 0.5584493623596913
0.3145612688105719 0.0792396409507547
0.8780261853846185 0.014098973837459339
0.015741783253617414 0.970822687315732
0.09046625644311562 0.016743973031385195
0.9059904426934016 0.8834367626586601
0.710188309014253 0.6097810956580133
0.01282844143316847 0.564224132191066
0.5751486653528909 0.1442144549337524
0.235552664199685 0.1453771879734666
0.7843989933898681 0.8389036411283406
0.5788285418744888 0.5970306495438362
0.04909535722874481 0.42285181366091107
0.03567332128973866 0.8918781199305965
0.5606222925522938 0.363186083372449
0.8392430280477561 0.751899488676445
0.8627755278786491 0.14746271701031027
0.08537096957490337 0.13194341906263574
0.866430691549819 0.6914409924312708
0.9647815860597533 0.8351791378631389
0.9394527944422435 0.07699181096875946
0.4066583270636319 0.24585429652899504
0.4784778447334278 0.8595367886508967
0.8392236758525753 0.4379162838480386
0.407611754674596 0.8141286980795375
0.20638437111673963 0.31545952085999385
0.6225661547707247 0.18436448197254313
0.3826860297918121 0.4768734057289828
0.9385553135286238 0.4019011176132534
0.7104340657954074 0.39604607255652335
0.5563011397570028 0.8551069368238466
0.5205303189194553 0.6782220727020999
0.2915356764838447 0.18719282218007693
0.7592036510234197 0.5332816490025202
0.11349668077757935 0.7143489414299461
0.923318506456298 0.007620366911262666
0.6561625089153503 0.21542898302905367
0.47833645161352645 0.41208150087216777
0.5203461537262516 0.5293224095576607
0.5981360292936133 0.8818613220025949
0.12525385011409235 0.322183453597539
0.765588416280441 0.798581217466428
0.7499759566198019 0.6696414825058933
0.3606000253437317 0.35153990792235457
0.34129515162105867 0.14459931963269795
0.5266734004656757 0.6238029544888698
0.011582603769889954 0.2997322251501574
0.5027677976164296 0.47166409006823656
0.967283131481114 0.11772699557247512
0.6792161832935574 0.1250868863782793
0.26671821760587866 0.37459742084876907
0.1131306447873322 0.1390941134466282
0.41236540828692864 0.15839317826391597
0.20620569869933347 0.09850362903820137
0.7121798908521125 0.41993797133118793
0.07061073251676148 0.5088771391656717
0.512508197347508 0.19598195672284624
0.8972367432246101 0.18958829659561588
0.09328719940408975 0.912344324689496
0.9139010579532758 0.3542318218874335
0.23928351084111493 0.47517447649154165
0.8978522686126174 0.9340046708536907
0.4125520011579824 0.08163128246696472
0.3687132244877791 0.6685185052027629
0.8065906756200194 0.31895709161853836
0.5887178201646693 0.2339201237455304
0.18182361354845356 0.1433862997592536
0.9904674512674635 0.6148894721041529
0.7756721737554599 0.4259036056842218
0.14701847536312523 0.9377089979405855
0.5631674643110094 0.8144710557371813
0.4981604617295424 0.2454858053637744
0.24531283047375768 0.6089414105837027
0.7562258243713829 0.32594473721176387
0.682213288004709 0.5211536219858577
0.49612206811533854 0.12568922840838143
0.6584266662626413 0.7043764659848257
0.98577487460819 0.17378655892205663
0.17944809890692154 0.5097040543626611
0.49268797780816825 0.7496952416689916
0.07808666775374745 0.6148076883218855
0.6668571865955555 0.26196483609289367
0.6460831744646822 0.5993121091742893
0.0482817188975212 0.27509360940274963
0.28740282201121514 0.22253838521006702
0.0469689415011425 0.5838233256424266
0.020932550124713567 0.35825259543893434
0.005337717621863136 0.14687095585564164
0.7264149033065443 0.00857340131322698
0.4436697496307983 0.7958434715445828
0.754625207536142 0.8843416140932288
0.5080398830823577 0.8882587808106168
0.43728685095995856 0.47101290892177483
0.7031115595254465 0.8931121539978124
0.11524750418740343 0.8972834473848688
0.477088033596703 0.07441799547847816
0.05374254309147475 0.7552377579762376
0.5136110037376498 0.048662214295574824
0.8951093416638174 0.4858567050572051