0.4722643682486291 0.061808092083622646
0.5220213115978242 0.8596049992549213
0.8647261211669424 0.4431603580484889
0.20097529846399503 0.4666712375359441
0.22186296098574443 0.9259142662083337
0.9842455859606073 0.9086516755349627
0.09809274186243144 0.03461501244241655
0.8076878816469821 0.15023853915501378
0.4083269344094361 0.4602257483989421
0.8059046863006822 0.6494472346143269
0.03211475946156772 0.7093789280629068
0.5998259570371479 0.2603525105444632
0.24758314871783565 0.2502065858158658
0.3222794026037518 0.7107499121691756
0.7468112298920833 0.9494674722322599
0.017634171986248615 0.4685077133618105
0.9166903569294337 0.12671545624518948
0.6347787592890246 0.7340176607139761
0.6359368053575367 0.4500271767705514
0.9351459092946279 0.305407354602736
0.634609695444205 0.10257513748579866
0.30673680643349166 0.021681894296332604
0.05413105378211569 0.9841741887531874
0.0662021524971741 0.1931352043447413
0.9592434620973692 0.6130046754474382
0.41428525976982034 0.23973628749470366
0.49856150876366034 0.6364976337929604
0.4332871752734183 0.9274797533091869
0.181654803402511 0.7118816549640248
0.6591479421513052 0.6309825421016713
0.8779825545665371 0.8554643828895738
0.7094433776107507 0.7813994699100852
0.7984368226902804 0.3366470475373844
0.33186673143633094 0.39004580858795995
0.22465441459110902 0.576228347418951
0.7381462977646855 0.0719482241965701
0.10545400459711557 0.365699930052956
0.8061723562914118 0.462547378725237
0.22146528507120739 0.11420223715771366
0.263649212263508 0.8083586049540368
0.8555858003650343 0.7258701614655414
0.03391958288847258 0.8915178624203779
0.4690629183857734 0.3437219921312872
0.36019520326024657 0.10530570516078175
0.47511606389394584 0.8099046895275852
0.8911655522084552 0.04717235786772933
0.5851545417613082 0.9305359711384932
0.35185819563868 0.49391144678961846
0.1698172356320144 0.8163916942137452
0.07886875204273192 0.5676300719433786
0.947278097740377 0.7351503612633828
0.8444799389447446 0.5821336058294763
0.9846876396245162 0.49787002469241587
0.6948002320237768 0.23876736388300512
0.4748627057011015 0.2158045926500014
0.6243732093200137 0.4867261228460234
0.7171487473234601 0.3768624102779217
0.550056887575356 0.5313945422154127
0.42981359881335623 0.5597259857485252
0.8982728898977518 0.22374609869448836
0.5480255158319147 0.7088976895894077
0.5472508932426113 0.11823350819586204
0.31840048578330227 0.8740219645024796
0.40033260947481875 0.7176169117112391
0.8948668234658168 0.9704462428922574
0.33632764050952935 0.1597726107846522
0.9394528507229798 0.382262537581049
0.06372404645992191 0.2782910085679418
0.12284595106858037 0.272156065338628
0.6673003754599003 0.5596974684221002
0.5284853016714176 0.4341569392383333
0.30102209046237816 0.9621411480101627
0.24125988246145785 0.3519900126526788
0.7998811654349571 0.8687063069262667
0.6991672821578714 0.8835210140113132
0.5528015398349388 0.015123089155461567
0.739739253784456 0.6036610846800808
0.12085328625614739 0.42973041536987333
0.6097455239390885 0.7972061286695067
0.138042270927202 0.6304804539984523
0.3173990949041333 0.3304099341708394
0.1681964539353899 0.011391294273117969
0.3677709401924393 0.5792785574316783
0.08258950542712518 0.8016313682427937
0.11833034597318864 0.9235269444224989
0.014150960389371803 0.08176347878766915
0.8045162191298623 0.26190192428377257
0.2607419168006664 0.6510957838846642
0.8291447439727037 0.9409518868994209
0.9592907845033745 0.010913661238256489
0.12496497770069737 0.17508616743390087
0.5039270760201748 0.9360766198526009
0.9125478609196298 0.5684370342541939
0.36925477694226705 0.19724172412393842
0.758544891080499 0.5354487866050497
0.9097128310861902 0.5099544287496769
0.3371009141004995 0.8059812508723775
0.014083702178017132 0.610778318236046
0.6554125209456264 0.04515384924158161
0.6738639373892708 0.1503051189229001
0.6118036874564142 0.327214383081958
0.13149745759872594 0.7631494627962789
0.3321149111648726 0.4624393759163992
0.3989447499148374 0.3507542248194493
0.8211097311241314 0.09355271475481564
0.5503140949926099 0.18441003634566716
0.925065507298043 0.6942841605810661
0.9907570760838812 0.2705148349150793
0.976383406776091 0.1645033648820795
0.7030162520379268 0.3010922849200254
0.7143508369231126 0.689421147229028
0.522827851059847 0.299479205933764
0.3194110155458616 0.27133998287602656
0.055014095225506654 0.35708082938502617
0.3886875786240499 0.6438439058465177
0.37729237803624294 0.9744211003780422
0.5180050651564789 0.7247976658725549
0.9644770789848347 0.8360093227850915
0.42522839303675575 0.16765852889275673
0.5832412749445108 0.5869319251584941
0.8020165167088307 0.7364591055679536
0.3654620976866952 0.03972894358313944
0.2751845238686548 0.07900201128812856
0.05817461027695392 0.09582824542612528
0.4270354157490913 0.7744546352316825
0.22196594142612602 0.8792763319535262
0.8617832361509343 0.37017808602505703
0.9837626281623106 0.370694942356809
0.08088795650424618 0.5336681597938574
0.6146443377232997 0.9916875452792757
0.2303968699271623 0.1511554154883516
0.7110244039974394 0.5126432437231706
0.3925837978119775 0.8385595828659316
0.13248302635428605 0.5876423587179681
0.8376547835458883 0.5350405074008457
0.42257132871522907 0.3822165810239438
0.25843098584823454 0.7347181831071004
0.03535818532605256 0.2563469844671141
0.12335234030487258 0.9580805268958098
0.7387228945860613 0.19729497526120549
0.07427570740007533 0.6509993411464818
0.828302664679539 0.025518623415187847
0.31420526872459253 0.5467780516062368
0.9280817230709055 0.7978912070905295
0.23304060885636135 0.44410127877121297
0.7326900965380281 0.4470773242762329
0.5792926632262093 0.8710574878213437
0.6964469816692338 0.9783576817415436
0.026508706773217372 0.8366858881409371
0.2837928916694654 0.5877699583388518
0.15880589534164652 0.5212120769035306
0.47288325596425757 0.9842068349760587
0.9748855532722687 0.9395748365818598
0.9523812017776568 0.08220429800120826
0.2002779362328781 0.3190861004055635
0.758881443154007 0.8098969667694607
0.6138234582242809 0.0407951912453946
0.8591863463325939 0.16911182336224
0.892207387992664 0.27833068209871603
0.6405077986886016 0.8590889374262924
0.19595280601551834 0.27894159972563315
0.5763570265358029 0.6336888928677351
0.5048106313675932 0.49428889990654135
0.9674678056415208 0.6703515441645677
0.6105675735900828 0.16517740684534266
0.49303713298641055 0.17861517337679905
0.21068991617155763 0.6482537672025503
0.04195878588542601 0.016392358245046756
0.744264685955343 0.6877532204161336
0.4749526350086641 0.6681459143651758
0.740832043309444 0.13621415578406826
0.8519456558826898 0.7983111740639557
0.22013637926437268 0.034848857132130096
0.5898764981130815 0.38962969999777675
0.01663553373568344 0.7738092628358817
0.46856935189271554 0.2702262524638954
0.5452431079765264 0.9557477524808563
0.41091879487345206 0.29822558132866817
0.778227130268048 0.40012150281529574
0.0337778452383759 0.554039549788478
0.5431572896284486 0.787625562514318
0.17509098303926357 0.062028825315527836
0.1402027056629045 0.8629755297745159
0.15122944527141619 0.216941191894566
0.6472242372161472 0.322566517239826
0.4366943038043442 0.047585245946924426
0.9313980795249595 0.43702716576326783
0.5668264224565264 0.3699116776033256
0.3351563328768504 0.6011068662828799
0.29615429097165463 0.930835987263721
0.09383137905366212 0.6793026357050532
0.2701417820111735 0.4959531322687059
0.012001377102682287 0.9490456295500684
0.21255600473950054 0.7758382323483448
0.1784277418578229 0.4058681776290422
0.20160070395582774 0.5955576739128143
0.36894062096969715 0.4658798314887116
0.03589222552836674 0.14185174731363115
0.33294583152756474 0.7731362432814435
0.7496396260805374 0.9849993877989818
0.08056211556039478 0.4229320421989387
0.4588575722934769 0.8802916475576996
0.9601035866384098 0.19092542125032708
0.48808443703208865 0.38647932201801155
0.8690712212116523 0.630737540277678
0.8604286671244572 0.08980099621992432
0.1401999936441583 0.12340976851240176
0.2627146808065147 0.27469589282537155
0.4581287234631781 0.7481155566343973
0.4909377936261199 0.5508432611849213
0.9317882802701222 0.9009185464324699
0.9895495908191405 0.5650560926234056
0.9815249811493842 0.42730187022756416
0.20840008959521783 0.19722002964306395
0.5411372334279334 0.26771849520603164
0.2610809370344552 0.190170844965331
0.6462386151746812 0.9455873047079523
0.6889244913716622 0.06316307277087213
0.5741788159953011 0.47266611530770575
0.11062959513265225 0.8450304497381858
0.6434725729112926 0.22785762440068857
0.8300305444849168 0.6761898901145484
0.40639067729694056 0.09327503171755569
0.9511168629301128 0.9643257671432917
0.6650516431745145 0.7130944722412432
0.5517306490756935 0.04674131638817475
0.8822720726917064 0.3215609874220777
0.7851063270617229 0.8921197126091183
0.8363549999273221 0.26031486104938606
0.6783252033246137 0.7889238676124348
0.36571016849937255 0.40140023249741313
0.29253198367166744 0.7325891576909696
0.8705828452546409 0.9099330212039658
0.20807872009362116 0.9546529301017155
0.482619652265646 0.09935781380076131
0.2898433601118324 0.8245466437928122
0.08482575940938869 0.9279663413008297
0.16596332945354308 0.6779993172857801
0.32366803398310917 0.19099124634237247
0.5092327072497425 0.6691045609848123
0.6001559656604418 0.1180190436736327
0.7100383671162105 0.586218260996623
0.7371642058346413 0.7604988578327774
0.3595408092574978 0.2607702814349866
0.8013944369045343 0.4870433856352494
0.7617745026695775 0.29194691591824407
0.821895715319093 0.8440269835247959
0.5330319033598407 0.5922044129252332
0.7397762911008141 0.8782480874873995
0.6808810633259601 0.3912088057853594
0.7709087981930576 0.009924003313301788
0.6268449392603681 0.6588710094262596
0.4504295656652849 0.6181306492858858
0.36787902766211567 0.917604591390415
0.24182583108507671 0.684644371281399
0.07143923247463269 0.7539017929512012
0.7164749184249083 0.049295478851770935
0.040975182916413555 0.6162328026255472
0.2574030531688908 0.8753139466882971
0.08693667934916705 0.22242308379768166
0.9758768705825498 0.243280961329641
0.2298215832213521 0.9877492183341128
0.8027771492101925 0.23348610231486466
0.28310384643115855 0.34171479837376556
0.490022552328157 0.009642609124421053
0.38362940968451914 0.7418574980456487
0.068121563869382 0.49884087243150904
0.9835388202241927 0.7786386414678395
0.8422972959682626 0.9873884241712547
0.7437280666466632 0.6527664237568742
0.8938425510362695 0.7607162256939801
0.8062110937346976 0.5756913821404678
0.1773824845530571 0.5773259493236866
0.626626144018017 0.25761263321477146
0.8332476855949829 0.11649897386678748
0.1388462076509761 0.48395280960132053
0.28829936973841097 0.7783182531107862
0.6897284748468188 0.4916153056687122
0.3781102038600255 0.7047465100769255
0.6910700510688363 0.4379024221517075
0.6423299118463953 0.7879268228093648
0.2841977707564295 0.12202820847435669
0.4278319821410833 0.20291756931779725
0.03337850874845538 0.3417029390696137
0.39047829140514 0.5505823631044318
0.598828722003741 0.5513639616034819
0.08121264340398743 0.33697975239326455
0.012747542044493076 0.21090179067160725
0.12193631295417073 0.09226164884695504
0.5184314869260503 0.3407411777352617
0.03250435394599216 0.4147335556650187
0.9207888631014156 0.2589385434714395
0.714758285290624 0.3428697471292228
0.4428494896297036 0.43376226458244566
0.42565130404296725 0.012538407704746679
0.460265894518681 0.4544017035066328
0.9819231295962907 0.06961882885174148
0.03789512887679214 0.19174115234753392
0.5545064661288197 0.829268199653577
0.8811360586357102 0.4818555966740898
0.7653526898683711 0.1290021261098387
0.6092529767808958 0.6211534407383081
0.25766152045464924 0.9315406398847708
0.7840158288994206 0.030044114535854927
0.14904279094979478 0.3037117930828468
0.510664458059457 0.7738928137618064
0.20163776778861153 0.5268001770786461
0.455334175145836 0.29620976982609293
0.19168514668800984 0.9235898053557484
0.1103580194759381 0.32808199077081956
0.7858357012764088 0.7784201415910694
0.7285699365641793 0.8096289181003213
0.2583185554675209 0.5741018877860872
0.8949215399626105 0.1751464474897209
0.30860639358522896 0.23218495718668064
0.6436442660308992 0.17024443204694611
0.7419789354312194 0.23814952078043672
0.5851615784212859 0.3268898767164411
0.305046598158765 0.434616882366062
0.17151704248786892 0.6379458673882803
0.5938935234937514 0.013715365161997728
0.15863959190164173 0.9913985345876526
0.24495423063310157 0.056669214590975514
0.6736009334353076 0.7511916052199687
0.81042476354822 0.3093934899725512
0.4012247522883476 0.9794029965762667
0.45915528263143424 0.5285498907843643
0.5240715107844113 0.8199721009104701
0.10259955839090418 0.8713654381833282
0.1436054704423081 0.7129006171341764
0.6665687399465383 0.11322096585570912
0.5872677483710916 0.675871518006963
0.8324320067659579 0.17994157242844494
0.35952027969346023 0.945845003615867
0.4061312363419749 0.6122128070264982
0.8945315235911692 0.6984932977829635
0.6662495652003773 0.2919502910938262
0.45725418360193854 0.18917260196156005
0.6323100469828186 0.8888316375268701
0.4302289709869644 0.8461279408816444
0.889030056940935 0.579945604430243
0.7731776721865081 0.4770731333249509
0.04660332567641268 0.06019548300507155
0.4250342500678359 0.9551124719720097
0.9356327980899815 0.544989915300314
0.6395154305997021 0.5323706380061388
0.9818032121317529 0.13658525573653985
0.45557056688991293 0.1332369829386203
0.1777856507341019 0.868362757126362
0.6790378217061654 0.18320068463686096
0.9658096772106952 0.3534875836018807
0.35841882909974027 0.8490746696666963
0.8801853934581322 0.41891301649248475
0.9260151986403402 0.09383072423370942
0.013027123941620589 0.9845984125828591
0.022446368462850308 0.6539361931706951
0.7263528961860286 0.9130401975931719
0.26874556415767903 0.42851310803397186
0.6119565091038015 0.2019439612785473
0.8845104385980351 0.14998732114321195
0.5044211405434545 0.24174088195669396
0.17350558009802924 0.37588453377466124
0.8357092785817289 0.40341047739224634
0.13376576828122916 0.7998835031419123
0.7217291656028564 0.9863481093459294
0.17087369775174066 0.45719403704702444
0.29604093721852803 0.5135282804879765
0.3273778629413835 0.7422115789546965
0.3886662876227938 0.12199963160379418
0.32688185714130974 0.2993679762917206
0.7023452542530666 0.11874852910734979
0.10885103469857377 0.14790027688932683
0.008692588762613973 0.5208413908147179
0.7748289971727709 0.6937411576380983
0.4383040982001486 0.35327967882701666
0.44733686007375795 0.6913291568031039
0.9371009798489247 0.013551239016655947
0.4365749131245984 0.8095169623563456
0.15918760386365866 0.17311380298450596
0.3481478425603588 0.06865842630048052
0.9874805110035301 0.9665211564892431
0.010868732400949654 0.39741978047225024
0.84919821191159 0.9622927079255519
0.2254181781888669 0.615083038204355
0.09888635953814806 0.4850751555255806
0.8505119178456249 0.4895258400199954
0.20228230975589784 0.1356995756813018
0.20615824404924477 0.8060420323437957
0.34252537048603227 0.6408687701730437
0.25200182636983337 0.09667974894348563
0.5562626048617932 0.6588162348003872
0.17842633110284378 0.24738950565482448
0.8435888040323539 0.23022501958976832
0.8864393303348974 0.35910789398446563
0.5675822048746293 0.16565710447102344
0.9051996367211593 0.8379802869980452
0.3535249988169256 0.7211624333092315
0.1512663666459071 0.5416725318858795
0.9875270835260604 0.8728099773406133
0.23507345078255237 0.3989861502537517
0.39647907676898925 0.5204008177323861
0.8076708055950566 0.961585117054895
0.8653683594822941 0.05210102920697729
0.9542454154550573 0.4887549302189377
0.5758950681832735 0.7597308696146624
0.01566920586697157 0.05058970853715994
0.274942046877168 0.04287385907626334
0.9350855427830056 0.6626987809656512
0.5466883532127887 0.4052704576258976
0.3025866175504801 0.6475638093239416
0.7512960167113075 0.42719141356323354
0.4420933566713029 0.10809883910356333
0.044282660383316075 0.9296013891637411
0.5455409052899804 0.8957720529557982
0.3088963405938581 0.6861676797501988
0.2970756769513886 0.16677896720747093
0.8917149616072598 0.8034161204979675
0.12335640552003535 0.010761942229783161
0.26142659247742694 0.3137003658418287
0.5984745177011457 0.8344467219492501
0.37859755391578354 0.16608339291220325
0.5769975260408902 0.07496859963942937
0.5657086863252625 0.42790812557898394
0.7486129381352967 0.3567095507533574
0.792472260222463 0.612266017673996
0.34895284253912284 0.4424225544712198
0.5953479041684704 0.48537870591952004
0.877787555795644 0.019503275569268508
0.09273723655202143 0.9861945640476846
0.017601893625150633 0.2963946570474326
0.3821432188304497 0.3142638546736741
0.07445628406118648 0.7158103980385121
0.36250332616464664 0.5358554157915686
0.4956555653700814 0.5790083312502601
0.2711482817396741 0.3741364086272859
0.7022155333760595 0.6162929358838836
0.5118943885635688 0.08260962286010143
0.315761565043936 0.5769595410735109
0.2418734664316085 0.5114716286147127
0.3340844244792186 0.9592432039224184
0.26419631399545557 0.9848547206437633
0.2994468664104344 0.0958913502900608
0.11162506660788651 0.46114140211390064
0.6332960399878096 0.8247044291478296
0.9422234873604541 0.863247990038738
0.3757972131474634 0.7986480526706143
0.6629623435421033 0.8113163444271398
0.7771137250529656 0.19416153967640126
0.8379451720088722 0.6455368078372064
0.1442195807567801 0.8364707313454862
0.49833193678029064 0.43957498513547555
0.628933671081477 0.28602218161134874
0.5349604924416078 0.4821387245890023
0.3955441873657771 0.26230680476521817
0.9309761526228133 0.18882006877568963
0.7306529338101467 0.5381199456306943
0.27812967990946524 0.24145014108126522
0.49208804686709057 0.04004922785657328
0.04744262625697948 0.7792897902895799
0.9253629718056908 0.618074338819982
0.7003108387219347 0.9166116854293926
0.3781298178594613 0.8852189497847195
0.9876832276878933 0.8104944360736814
0.9524862714034957 0.2644407445961329
0.6622269132317697 0.4515251055807888
0.3437691758063178 0.012792236376462096
0.12579428301181006 0.6565239385895268
0.9843420184264688 0.6499539645812772
0.8834570062291536 0.5155052589164097
0.5792541705776046 0.9835214321880634
0.22251698295500694 0.7126970717842754
0.11551826868483156 0.5348898396764042
0.519964537608468 0.16755155804936367
0.7308220770941478 0.4792054293866845
0.6951796033954474 0.012905757745882707
0.07271697347384826 0.1305879735011654
0.6777269438841325 0.5863263378642438
0.9149823099733194 0.930663415104293
0.3341754092833795 0.35761474994393083
0.6568653805653987 0.9894063854534447
0.6305201601672625 0.06367412986277599
0.8889739774231655 0.25100274020919944
0.8895086794228303 0.7241536789797394
0.5451120118786515 0.5616848648487738
0.2955879970704892 0.2962763236290836
0.1252680647320561 0.05063927189724732
0.10488931309495247 0.1964622020426834
0.3085102482757996 0.8502698315275907
0.43399852598155464 0.7217675462071538
0.7931445397473591 0.11193402533274727
0.7794997375385353 0.36145968567418596
0.2124651357144765 0.8447898841269599
0.8491101950371521 0.8766031873887541
0.987443229721692 0.32554094674670736
0.4654334447097004 0.9331586231918603
0.9655959392737361 0.6957766768617762
0.49959638429563097 0.7051607953453604
0.635446700997073 0.5625532295773449
0.01297383326189594 0.012623888143480144
0.5991725186985566 0.4136994644830293
0.7276735617696632 0.28619441730701306
0.07512498752387309 0.5968482888071962
0.23066120142111224 0.17695290952851367
0.5574741061254975 0.2251935147315054
0.0725592115159786 0.8930572815199644
0.38887294776998016 0.06501626616456385
0.8236486066423593 0.8159207655104324
0.8657069086663072 0.5598598808228183
0.9421871001163892 0.7657726469329929
0.8269827545838528 0.33477130999405424
0.6868537183928773 0.8557929271184227
0.049626888268120894 0.44912676869943857
0.19192085874819115 0.03736160142736211
0.10048965513116764 0.6303140605867985
0.20766022310955856 0.3961461008740734
0.2631321511957322 0.7076643360756985
0.1874502980177286 0.8979279553412769
0.9895694509608709 0.04281349228769704
0.16213399618519114 0.7463560405504902
0.056503468340301344 0.6991125459320017
0.6396587499660783 0.6201963170292921
0.35815656754943903 0.23001607753986902
0.7654767306383774 0.6300765137497156
0.21015023493666068 0.08360047429289447
0.5203121041640427 0.5617398664978398
0.6809540097260909 0.3236536381723992
0.8131079656398179 0.3820436550176152
0.07353589501725 0.3832165479026275
0.5055661604087525 0.9762515662252121
0.7769138471909945 0.15426520609461442
0.8294067727344743 0.06484942036246044
0.9798828256667029 0.5294171987552706
0.4474616857237706 0.9054686897718869
0.8729466170569666 0.2891038116108601
0.8060806532941381 0.5333082661214966
0.23395925090333608 0.47878519565500577
0.053491557224676856 0.8357848055128706
0.1482802703295284 0.3943209876193602
0.7892526118115482 0.07450016050596958
0.6437587887830007 0.7631687802307562
0.2377772612904061 0.2965052653908093
0.27752366796846234 0.017303377487693616
0.36094185291322 0.6682075284650345
0.23808432494962223 0.7566285926804417
0.5312008967581138 0.6306190624962101
0.1707320244167197 0.9443453753143085
0.11341892837069506 0.740836247860818
0.4749983881654387 0.2455870827981751
0.6853593455350818 0.6479478463707881
0.4968358028781994 0.30593361369514543
0.40863140945681625 0.794430186324881
0.3885436971226489 0.013601300933421545
0.9455592673117834 0.2348426157960119
0.9193541993308763 0.3328510103753112
0.770785063074471 0.9417320061526628
0.622195066809745 0.9216181037821798
0.5771702663807514 0.280837126402856
0.053562934105637505 0.7311379642575987
0.1606088998745947 0.4266725706078263
0.900657364337139 0.4490759054243423
0.7710705935021097 0.44932244767748236
0.943595275510346 0.15670831471200353
0.6069233458699397 0.45759436016108423
0.6454336377331569 0.42141473598180235
0.014405530786689213 0.17528654973134855
0.1382425301636896 0.3456534154540825
0.7652980522538926 0.3190975246321624
0.7049989050240115 0.5591077732148522
0.5224580087967983 0.05169013868903327
0.060561398926788634 0.24237036047487753
0.9587693886903261 0.0397557597554567
0.6537489250117055 0.015132217480284094
0.19564172064144414 0.9839949028068525
0.4051298898323446 0.8677761659192538
0.49859662694515755 0.862419176019926
0.6357998531026553 0.13833284521199962
0.6365601817317692 0.6963245309638142
0.8601548319406278 0.20649744269796977
0.748081525127634 0.7846227860488335
0.179286749280812 0.1027315093484058
0.5839869372963699 0.8148952794541742
0.8988705673532238 0.6527138601661349
0.8457188584205237 0.4633462293975663
0.3941518766241691 0.6783096791460409
0.6481990547293834 0.5083767167586146
0.7187393030165208 0.25766402943055206
0.6799240161982751 0.20970049126106943
0.9212160665528327 0.4748053544458869
0.6996843674877924 0.4037096947453208
0.20706497852337707 0.43013697845670673
0.5668834631220916 0.9064124931656257
0.8673718253160714 0.9388957302710095
0.45778524707332713 0.018169782525803646
0.6344533685186746 0.39383807934531934
0.2544662050918321 0.9024417234531531
0.33831151365643053 0.9182109195235266
0.4929253617470224 0.1349669557192163
0.08696501817035829 0.10138642180911417
0.7331738903297548 0.7197175842657211
0.8685646051393632 0.691986937905848
0.3532317009873902 0.3167914710569446
0.7751545929106203 0.5080124392309543
0.011935252691301301 0.8141060836234351
0.31027262013984763 0.48607449513878226
0.04221068532786926 0.21860114887495352
0.34308027953133763 0.0945235852161933
0.3099449850010848 0.06594441481183544
0.8735534169750692 0.9890816795807353
0.07269862717358716 0.01687423006127009
0.6929751010642822 0.7172351858237602
0.8877170465315143 0.08055900173975378
0.2350759966993447 0.21060420637057364
0.44742161024019833 0.23338242498861128
0.6972139149627474 0.16234720480669895
0.014567614110767624 0.7312534254170494
0.4706448316020955 0.4890491733087454
0.8645499677952175 0.6014230851351511
0.45833162252279946 0.3763527393751007
0.46134816013766655 0.847294759992204
0.2816035306110749 0.8994502093943477
0.11962175019017035 0.22460655219809306
0.3913638651473429 0.9394728123327127
0.5964642826571636 0.9531692738501016
0.3784083868433988 0.43563222277024327
0.7334066666953116 0.1021862372841586
0.4253869399530185 0.6651519965287227
0.24249565158276554 0.849067350571058
0.9582239291798189 0.5665785480232054
0.7481620742215829 0.03584245048123941
0.10053568827921638 0.2537228740356836
0.48353199562941246 0.7730089846336616
0.01027041109089416 0.26254836342826043
0.26495542132085415 0.46027506645462224
0.6053355152134664 0.07448513762460907
0.7056551496007794 0.08935415496511279
0.5586840289860292 0.7328115880454722
0.417681509481693 0.4878209194999437
0.9885858173577219 0.4704294971897066
0.2555730231883631 0.6213166503360963
0.7830110707247655 0.5560878876003432
0.011643195853322574 0.8697025685868169
0.7776350248798953 0.8314077226728698
0.8876427302039092 0.11535404965654605
0.9599564456706997 0.8005407776029159
0.840568671874822 0.914476898735989
0.2112384970343424 0.36048559668723884
0.013233100307207202 0.4320981227259681
0.40659596619431937 0.4043930095034679
0.5320602564208855 0.19545948842570815
0.343564284870632 0.560124124942499
0.5017370288564155 0.5251994830573714
0.4013000746134024 0.1507862028740662
0.3858156053782173 0.37671565154982095
0.42123358129098387 0.8821595783150821
0.9851521496291197 0.10286544012454357
0.544409482887793 0.32396166629157164
0.5990606794133156 0.23002678117833752
0.19226411304752966 0.21499430676298842
0.6021998742644902 0.7712660241036366
0.11008652399255126 0.5629196899332748
0.08822564901396596 0.16080557501715004
0.6617520586835898 0.8823767995881006
0.8633659255595317 0.13322426830449136
0.5967944325957912 0.6556438516532651
0.8438271135041795 0.768097249078252
0.7189905337656751 0.8410746583461466
0.5207587832854516 0.8996360937155929
0.8309749002210969 0.7107179232736391
0.9908775038213342 0.4033508162952958
0.2014469889095949 0.6786051423374238
0.8041496375133885 0.4228705277253144
0.9305445804898549 0.4155985431705161
0.9172583277821789 0.7309517367963982
0.329556367426498 0.4129578238802933
0.7487232879053413 0.3837918343745331
0.8337192898006096 0.143343235964423
0.5035160162353802 0.46280773992178387
0.6892235001574197 0.361950009127454
0.10624321608428938 0.7030765302934294
0.04360086284113629 0.5854079418363187
0.9594644177393472 0.8884929224223028
0.20913520706083966 0.2358775205620352
0.9797243483795306 0.7511480914341804
0.7363849880307929 0.5673434080429415
0.3960387699919602 0.7670342022764138
0.5009661011112652 0.2728664215161607
0.7768928099168593 0.7213220991322
0.8523078902239832 0.5166084168416354
0.8991846117763436 0.5437611773502881
0.1720291864185478 0.1328918651509024
0.9869305473171639 0.5963182911647289
0.4006966123384904 0.20045241694176613
0.20598709096723083 0.16055820377321206
0.4494330755868113 0.08068319055365575
0.9236336164358848 0.034625310331121595
0.5189597527379999 0.4118950351215441
0.012554728858946096 0.3338992492587761
0.34602794145283977 0.13017988693712157
0.7575097551222059 0.9003745758450095
0.32552956872813044 0.8288843540327995
0.1653085129414218 0.7858095773845328
0.10923063747077338 0.8232766064006772
0.12032665798870812 0.30009261168701085
0.9455588611576031 0.1129735194915607
0.7181778727137442 0.21638120455402987
0.40562831179802883 0.04132132388816018
0.420939008718276 0.12668803751221658
0.7702678950869726 0.866889589096457
0.27985921401092306 0.6215260175867453
0.4961225936677907 0.8854516746035626
0.6766387992514409 0.5276551760298165
0.8199447581934387 0.7781622769313463
0.01216367131004309 0.6866292364777159
0.2263965657933733 0.32199022545472616
0.12556858147551153 0.9872822333234255
0.7970428911819676 0.8066420718011325
0.29586448047767483 0.402118904655049
0.6017221282211098 0.7356689091312929
0.41764582214347196 0.3259023068288729
0.01623754311953568 0.1176627368917107
0.575588359006212 0.10925717068719104
0.075514328930466 0.9551957695991604
0.5521002198757324 0.8646554223745073
0.5322624736142688 0.2481116617759791
0.4650191188577219 0.594424042228215
0.38307670785271125 0.4981916841423081
0.5516751617621845 0.6856514410501222
0.014341323091407954 0.9093525826162878
0.032242765195673984 0.5119911808803035
0.744192792634095 0.5038466856466729
0.9030154167550677 0.012789470191751307
0.805654909066249 0.014135249428210706
0.8599575910773442 0.8315686736858214
0.18899720214834725 0.7621425845657214
0.4159762845937741 0.43003518773540284
0.19244017389932722 0.6250218532498728
0.5896740348615107 0.1455639305261066
0.10227738329628766 0.7905914152531203
0.31025811687759364 0.9875283108902397
0.9486218722500551 0.926899953703588
0.1617478245906772 0.6035871827669228
0.515684322783075 0.1104679628656613
0.659821169822213 0.07872803323512328
0.8025060715576421 0.18610692454507832
0.5715826435614486 0.7892691415534958
0.2625742690399216 0.7693214443256257
0.05317864126828448 0.5298310757408263
0.21784073247699454 0.26622264053867406
0.2255375561649251 0.9610960316225581
0.5229723006323515 0.019430295232480688
0.986591455701927 0.19036498826736564
0.4701028278271037 0.6338095077394805
0.5099145691225726 0.79749620778219
0.25967515091434124 0.5387867050323306
0.9202865299624432 0.9855088407709176
0.6004903265206286 0.5179064752573564
0.6828189471762214 0.6857332702398651
0.5022479419332403 0.36176997940171
0.6248948615345671 0.35475454371364457
0.9849226975605618 0.013637066516100249
0.13915269726579943 0.24660315488214402
0.15727961385490952 0.9150391455469014
0.719250850055529 0.15365538368501436
0.20633740367771075 0.49611515726398686
0.698424459425532 0.8154312163081615
0.15955941990855277 0.27648206045302115
0.04945841580006344 0.30883308488854544
0.5374907961444563 0.5091725079607582
0.86935918432494 0.2622602177854785
0.9915198626037396 0.6862636138041486
0.48590015200039466 0.9537967136913044
0.3476829974791624 0.8832487261653219
0.3586316476512554 0.776820568358897
0.23856324129061568 0.6467341937535453
0.7352957913870964 0.3195390679909788
0.9639289714806939 0.449791982764216
0.5803995435091491 0.7007832716986298
0.6773901684403115 0.25205722433656963
0.9590166776506162 0.33352149384049784
0.7919484553957723 0.9217352307419786
0.8254621259373438 0.2852343954125239
0.276046793909164 0.9551556204089866
0.5854813608704477 0.04167916427489293
0.4315513470106278 0.5898307396616
0.49466792291254963 0.8330726123544266
0.3314356193993365 0.04208302238379741
0.8505368841610825 0.2970981983759199
0.5577447794211922 0.3007744741075443
0.5418186206644713 0.3594095092988589
0.5109545631584573 0.746404391546206
0.7302735312556935 0.6298154959293139
0.5322429049526051 0.9295382126791196
0.011969001992246486 0.3691048472367131
0.038685912835658365 0.115570194125448
0.2978948023481677 0.7560747901853484
0.5601271037946449 0.6122140805889048
0.4266364385067163 0.5348628434630557
0.66614728976742 0.8378941988051642
0.8291809774737757 0.557466260470134
0.20554541125281683 0.0111280703367726
0.8528741887392999 0.3371384836793507
0.9392856320847593 0.5122507476988105
0.6691788465541849 0.9145811186008039
0.13702194967073583 0.6797671380587821
0.45566897448851146 0.7863835750454449
0.008582396166702477 0.14932131547813737
0.9046672196141664 0.3997184235852691
0.46410624243174353 0.564025306400453
0.6475850840772994 0.20075056329521623
0.08566553924913417 0.29774826860391024
0.6098839989260356 0.8648141936808005
0.4514117897659036 0.3233739323155099
0.6695691092746763 0.9567119586616466
0.5307850372914328 0.14236982487474792
0.11220069661581228 0.12182349081763427
0.31035664700526217 0.6168050133503126
0.17033474604989335 0.33571060354658844
0.36312826998163916 0.6109405763292988
0.8042539548183016 0.6927172218522054
0.06014506793218111 0.16568153153018167
0.36218469293650724 0.7487110002091201
0.7643193461749678 0.7488414609671528
0.14781296491856116 0.07600744727269393
0.8676635411818826 0.7625474894200794
0.3204824845010094 0.11836349057749151
0.7608678722346576 0.26396806844314413
0.9868295315496433 0.8461872932604886
0.8887892900590206 0.20132380627229912
0.6616295594521705 0.3798896205110947
0.18599874885259687 0.5479813345862783
0.928504501303953 0.5865311431196559
0.255727242116359 0.22424821214674595
0.9249209408338969 0.21769423630687285
0.040727029921744706 0.48611104529254734
0.42898436304333853 0.7474113224585096
0.4315956257797976 0.637330261126006
0.622082186605836 0.01116015928936942
0.40019211850557573 0.8172817702611668
0.5981400113752451 0.896074430084778
0.20317420604486142 0.7377073098640707
0.07899918143332701 0.052244619582419105
0.8716501361131823 0.23773967112419192
0.7311228727839061 0.013082911767431982
0.14335751474590125 0.14978194865525257
0.2627072322192985 0.15104085704776998
0.23743997247282805 0.5478805042175613
0.14239522015478606 0.4508198458983219
0.7494785670978873 0.1674040198107815
0.7779072122433859 0.659455002263968
0.07226675307179015 0.0746098721059919
0.10284278963815008 0.4016418522827052
0.5484140409100118 0.08180720555153553
0.9102436398437039 0.06621655124056769
0.9858870446580192 0.6261588017755622
0.6620484221367328 0.348573833697913
0.9689426213367297 0.9895932951213079
0.5255063931360879 0.6926287342676204
0.5479414011438886 0.4550958954933384
0.08226058761840599 0.8471850020468095
0.0733606010364718 0.47134052157589923
0.9634085205100702 0.12703858835077825
0.12116648805812813 0.5007914802558746
0.7319610026647563 0.40901755529801304
0.8293955106982995 0.36001827126471775
0.379191354848637 0.24133182780880458
0.2211764534860468 0.9017328414087011
0.44945598522720315 0.39994705095862776
0.5240972513769544 0.3833543681210705
0.7055106156061071 0.7476531270992468
0.7132006281513016 0.19069505956040728
0.1658386120529799 0.9694051664380658
0.23038627821014435 0.8140003914371174
0.9769738144901625 0.2176462161823582
0.24337542760148 0.12779458348588074
0.6145413792749115 0.3779111361063589
0.05789883727034195 0.4122896710554386
0.9172235842243398 0.37036317827015797
0.2450524013676273 0.008898231837058401
0.466756009797741 0.16060029064871933
0.2896124716614824 0.7008022487377007
0.593650873928733 0.35701411389987836
0.015078022915105183 0.5804867389763061
0.1848138209580601 0.1795600005967526
0.7609441765668967 0.20892344431050047
0.6359103096832743 0.9730910942034602
0.8200460518275882 0.5017003589346609
0.1068272015597832 0.07105831809475516
0.15032424178660136 0.036256148193908655
0.4000551888220879 0.5809575418180448
0.5010179525148656 0.6069199972976894
0.8303580133620165 0.6188342734158052
0.3113571770687641 0.9066477977317389
0.30987231377107294 0.36913896287995474
0.8133729789583355 0.8929344718653689
0.3650247173183966 0.34743355024672706
0.053916540859238304 0.6374918502255291
0.6188864717903376 0.5923321414543099
0.7061475040830871 0.459028642894097
0.08260613346764295 0.7684029154630692
0.48112040725540456 0.4234719378316723
0.2712929622225999 0.8424038087974071
0.8104351329225643 0.9865789066221098
0.33546309770330207 0.6850729832886152
0.28435766961071 0.5452456959501986
0.9675596581565904 0.2949512564129643
0.046808192170742224 0.38792932569809335
0.8547222857205278 0.01373542576137593
0.15132297710825854 0.5680346928276028
0.9162571535903286 0.9612416401515762
0.6087153532503558 0.7012909034531887
0.30245628841216954 0.7977642893182161
0.877836232238017 0.8829112234057208
0.5393710054754768 0.7470124786114801
0.09718560699763379 0.511710464459259
0.3349919973825466 0.21374838465396534
0.2764180435207443 0.21195845547387926
0.6619404297846077 0.48271597523740684
0.10304886062622404 0.898817695132027
0.8984589766192227 0.9047068243258227
0.9501465584756634 0.642618698404846
0.42151794098627093 0.69817670871707
0.2844834440009031 0.671376254684668
0.6930118768732554 0.9469626280223356
0.37633735731921536 0.2886328178869447
0.17251203157138495 0.4848973006070502
0.0379443596977076 0.9592008336994533
0.9628460373223048 0.3900866667940156
0.44238475532044236 0.4985339700392307
0.9818239675845035 0.7252470151239778
0.7669823601883017 0.06388721518312296
0.7802422125697268 0.22694449760096075
0.03443158850180744 0.8055440844193948
0.21131457339979864 0.056132737098596897
0.29091439236666305 0.26328040941399433
0.33623984021107833 0.24915555459297367
0.14670430910761434 0.1968461946778201
0.05747373674806017 0.6737768367346428
0.8200302297427167 0.21811151327870415
0.4940248308623266 0.3241295085627817
0.4630277243651333 0.7162087665264089
0.4857618434790324 0.7326232474101998
0.6727644123213531 0.4203982647936325
0.45839117089582787 0.9589269065653163
0.5716180299483726 0.5539090805339628
0.651904906902095 0.5982204409614165
0.371794192170658 0.13488175804858032
0.9182902917854034 0.155264585967477
0.5436316620018794 0.9874917388264984
0.7494716768157005 0.8447365550000896
0.48390199847494947 0.9144484890530139
0.9175063168297422 0.7726466562054437
0.2585373440807641 0.4079227982047816
0.7622267139347116 0.0954910155668261
0.5713987585108778 0.25887642428790436
0.28722226607449497 0.8691308935239956
0.34577189221934357 0.2863150079661589
0.5148279445134891 0.21074930195233543
0.03723672544645723 0.7539568597343369
0.13421418114495914 0.8954384908404472
0.9292737078431985 0.8231078635449565
0.8002121812562989 0.04812188853681704
0.17924521804324972 0.8395448429543124
0.9957250409455889 0.15286000125495192
0.3319464824977869 0.5240263050401484
0.865888540908675 0.3956826582125262
0.9111324789346464 0.29420926881128595
0.054566260414162904 0.8615001746149357
0.8287222883270575 0.4417500824465389
0.5790280046960523 0.20172175024765676
0.29527927972619833 0.1963004551341438
0.8318633339229087 0.7471105604640835
0.8984989097913398 0.6127333268250045
0.43219465353028563 0.9849503539890145
0.912809671774377 0.8683818673050754
0.7204417927164661 0.9545722289729444
0.5702854778111829 0.521205337158063
0.10682046055098715 0.59738582922173
0.3473369979231731 0.9877650280575436
0.6556022699265004 0.26575232740952
0.4298373164342943 0.2789062577412371
0.06702294995317881 0.8167716750301086
0.7902301959396386 0.2870331738952667
0.6547896387924285 0.6675778348110717
0.7628341709686892 0.5841383655055152
0.9417892514625611 0.05790641460855667
0.8619302033999451 0.658443636841547
0.17436324355417954 0.30665850299214265
0.594437797804673 0.44232704844458887
0.7123358453395181 0.6609902364084164
0.6031843773383246 0.29550262821769097
0.29393440793151926 0.4613020996197346
0.7756718255114193 0.985578372778241
0.5255812117415203 0.5398068891255404
0.09646926359423996 0.4428665195133652
0.39470871473108987 0.9068316195610893
0.6920665204531837 0.2711514356006909
0.6315573582735987 0.30857123332611036
0.13204286358424072 0.3783636341725767
0.24546320308962932 0.9554875683630537
0.6162430403358965 0.4250049402813067