0.9875624970280648 0.758979032552727
0.25107185161197515 0.4020989354198123
0.8062368939448733 0.20306851990369057
0.3831074132309838 0.8238379342804124
0.5968137999473062 0.5926851293397996
0.4001989439478741 0.09147928265712651
0.0465077573478232 0.8700760329709982
0.08312534547734085 0.24813689307309156
0.7463950184445131 0.9631561570935234
0.5095876105773589 0.24890418055033048
0.857148395172002 0.4022669793978598
0.3132846541208308 0.6714451904616753
0.017109736678212695 0.4857424419299167
0.5692100548033457 0.9415819543065065
0.16192319101749508 0.016159318314738824
0.5458477309822262 0.4813727045403046
0.8271007947675109 0.629474432332757
0.32668940345796865 0.9869384865837887
0.591800444980754 0.16573022744404653
0.8726633829584698 0.05371784695584625
0.13836002792240698 0.7584609520423977
0.5469992813203292 0.7260995555524641
0.7748733694234295 0.8013666727325954
0.977301159739986 0.9027272489654126
0.9410276757737194 0.19211638773466405
0.39262617179563214 0.39698348665762834
0.2788334791237117 0.1832808320489931
0.18779621381570183 0.48803702435476193
0.6569715540641117 0.2710357063948095
0.6425760098819662 0.05385058496558309
0.47154588928640556 0.6806641777544807
0.9896216894097887 0.5067450519852831
0.06289081196874091 0.596919188135453
0.7402184074474668 0.5184791024225568
0.3644312213632366 0.5253337363768528
0.20589220198488767 0.8675223678559607
0.9216184951389307 0.36013432537158396
0.6813246598781 0.7472357919878942
0.024825107188117868 0.41607871770360116
0.12078975879752168 0.9601516367067776
0.060667840827514585 0.1763031836511173
0.18448357756471423 0.6593852236575652
0.4258581665097765 0.23287028199472098
0.4635402412784205 0.883372020036902
0.6646409540144922 0.3818312402588064
0.48780624470108425 0.020797356594717986
0.786557608774034 0.9564763020279295
0.16877193190766598 0.23902991463319107
0.8967636941004985 0.7500680037317035
0.3368962191495979 0.031177772665617054
0.7148584518179671 0.15917032133579428
0.9213702258839642 0.536466145203891
0.5105197315875107 0.3512948348845213
0.4948224860238967 0.554033994343388
0.3252491651630255 0.30390256803584226
0.5754273999763554 0.8568839878025947
0.26585237922701394 0.7921931797675139
0.8092014440279289 0.307664424146037
0.9684776615662902 0.00783237090868727
0.09046886281904593 0.08948463209128205
0.25139142692045796 0.567697046663321
0.8912891921912922 0.9004133223861228
0.24737064686139248 0.09230337663248761
0.49094694740081785 0.14779943076860502
0.12599531360178468 0.3773622810277176
0.015266634036455562 0.72549326190314
0.782226279035246 0.7032107250329714
0.685114908683875 0.8946679989995521
0.9593850867218024 0.270645525467548
0.06555637222786204 0.5310250714864381
0.2223565906360377 0.9573954771262376
0.30454084044724805 0.8329924050997091
0.40538218526070735 0.9150226840360844
0.94006197421622 0.6947476113248571
0.1792820768192106 0.5952105354899407
0.6495783345058992 0.525517321292034
0.43926166473852246 0.7332208240235861
0.7123992931847447 0.030580595524438314
0.9742331314858457 0.4267197450843771
0.7071553198370761 0.6246623403644543
0.439258920396128 0.4598832085949599
0.7488981252838769 0.41574585966345184
0.7220473032924986 0.3197313821742873
0.3350031807754351 0.47340352224584287
0.8530417174533644 0.8471892697268528
0.7682277832312193 0.06828957236942379
0.9851587514580292 0.6100417482021827
0.5920207759298776 0.2890555547055659
0.4927649925174174 0.8007846984263647
0.8595920732114211 0.563728092208692
0.34382993536926376 0.17998519010737501
0.10255775109206455 0.3181957728244392
0.991777808317992 0.13780017345970663
0.38676616336587866 0.6123493059249184
0.8800401426659753 0.253078815792646
0.5519266400213553 0.015567799275473193
0.1259850758312604 0.09356378471164284
0.17838926307293546 0.3239252998746266
0.4622774340760877 0.34101024444099265
0.8871159575373389 0.9884567630926232
0.030017500092704152 0.9904834616617871
0.5028850882147863 0.9326623530163975
0.0111349173619128 0.2780630068267805
0.8368932813601895 0.14308373859265983
0.9176857416001756 0.7978575840622776
0.8758075562806326 0.4917747778132954
0.30766412320054637 0.6033945577500636
0.07392846604055764 0.015337881797551245
0.9690263796722562 0.9633050998239626
0.2519985682310915 0.7365940682229497
0.13460785434888822 0.7056046588826845
0.19275673457246717 0.11259462266467124
0.30309303239941315 0.3800855086893242
0.5507448887437586 0.41726943430357255
0.05719020352540871 0.7983124636098261
0.2162181060351424 0.19872510709524893
0.19173388093496607 0.7822001196352926
0.50546099613953 0.612617911009807
0.2877748084015269 0.9359749990890023
0.7416863217584482 0.24391807229692475
0.6777434390078891 0.46422035536937256
0.2901026350669409 0.5254974988975476
0.6324175381436885 0.6542958913975705
0.7819373100284563 0.5208108451689655
0.7898929965918222 0.8570986716654072
0.2801661751901171 0.06407147750451686
0.6529654442613118 0.9527531553313071
0.6598286245574432 0.8451634002608789
0.38609583770640243 0.7137812243980476
0.6112014618435783 0.340948749131613
0.2449930093570346 0.23030404463590592
0.4550565665386485 0.9841700310203114
0.5424309355164838 0.7786961385407062
0.2443875159358488 0.28743053140422736
0.1138056291180441 0.8706041600634451
0.06536117802252761 0.6778169916902556
0.6240773035438247 0.21050892083959305
0.8177745606871483 0.45437757372804344
0.10310552835807196 0.4412579757389879
0.39489021798994295 0.3309489952303368
0.4210972382003467 0.15796075446071678
0.9006356564043863 0.11327083389839737
0.060090658699843424 0.9297383913507926
0.44481331371656563 0.5679996793656683
0.2534305443303255 0.010525837034498609
0.9839346472506849 0.37145801221277397
0.7972534530887629 0.11095606740749575
0.7560399417504617 0.6556114625112692
0.9478372222141297 0.861754572057243
0.9849926097735939 0.07475596351509817
0.26028696263850787 0.6632300743353078
0.1195644702744752 0.5622228347736765
0.1439675609254638 0.20404804075280913
0.2956092702719166 0.4362108974093687
0.4870638280459859 0.4273054060003072
0.6008058470046763 0.7749337884805151
0.843193707418368 0.6793214201800433
0.8088288255240643 0.7889810339129568
0.803418898212632 0.5531345453239138
0.5765994223523189 0.08445141997320643
0.8778962905192861 0.6881195416375597
0.014953433683692119 0.10287399138482656
0.37286678433641685 0.7722518211591696
0.36177056921935147 0.12569752941974188
0.38582703554305575 0.8749587562365622
0.3846957870899157 0.2656153020966115
0.7170156630331237 0.7724779273333748
0.414927849452013 0.010736310609399058
0.18457338886722024 0.44210385598862967
0.5265751435249598 0.7053195731634598
0.3043861266913485 0.7334389613786838
0.6897223535269501 0.17764036014301282
0.6307272638477583 0.4043326550349269
0.4981405076372105 0.05395009081646174
0.38969203517973144 0.4384505020985497
0.29918655200209515 0.12529364610151844
0.5103068741390577 0.4886780150698552
0.8916995235629126 0.5928869724266796
0.3878106041031287 0.9518619453686359
0.0374103607589098 0.6096326076607044
0.7678753070898188 0.3553391026718966
0.6741014707795084 0.22635531662210862
0.8613338360936809 0.9219381675584553
0.9048794856305054 0.32050467652877357
0.5357519626163951 0.8968048573657741
0.27223754334114203 0.8570113651338845
0.7269324909752468 0.09393504018834486
0.7100510705866032 0.5773250023505236
0.8513290150718107 0.07081599287682083
0.6660446590175082 0.11611588899264175
0.6072906149095465 0.7118504709262484
0.6051222690456842 0.5071548879826129
0.11956954433915756 0.6243225443616296
0.6919222697899325 0.691936903393946
0.6012670908751696 0.9848658877139769
0.6015763502609616 0.018748574114653194
0.21366198334451691 0.904505742248582
0.01290538857554363 0.337012456357753
0.8143202674605465 0.007989417348597927
0.5536985414575596 0.6977568773942273
0.7591997798804203 0.3139892555334567
0.4321677170488043 0.08289586859966741
0.2450282518558622 0.5004661012907654
0.9181427851973512 0.47205421392702396
0.46084604783438243 0.5418130898775864
0.21217055838945464 0.3640794028759643
0.4103641650055114 0.6846411807445733
0.17505604714308465 0.8125472344686906
0.025755033414308293 0.18643851129011957
0.5280597292419857 0.12364042416089116
0.8887201340885101 0.19797948853423425
0.623091399828088 0.8948571512532904
0.07393405279866361 0.7299131136258972
0.7248580959205372 0.8885714062408889
0.1764757342257699 0.7055855709781185
0.5633739642023985 0.5864811817144701
0.13616603613395767 0.8975821356069449
0.5355305126382441 0.19631184281986974
0.25592316961026085 0.15896469432461946
0.4674184031707302 0.17658799893857963
0.7731028397113839 0.1621821553758956
0.47391693725733225 0.39822467292813574
0.34611608007330086 0.059140864911678026
0.1796097452084115 0.9836343174119506
0.4682336318237121 0.29903885346278974
0.9569588990316351 0.826920372316087
0.8529047725428973 0.32391249119762355
0.33073202351181974 0.5731058149220777
0.05940558433332105 0.9843291143427908
0.19277813029770352 0.5575177756713776
0.1398799080869712 0.4856415007314429
0.7866712631267594 0.74407292899439
0.10643891135629735 0.017268889577816193
0.9079724734480772 0.41939996354156167
0.011266045149764425 0.030832890974404392
0.6091920042490401 0.44525439458907706
0.9682693755995351 0.640196008467357
0.7881774580515284 0.265238609008148
0.5695322155583404 0.35403364928894876
0.21698138664664857 0.6089855819760359
0.3365164160785096 0.3400071563664986
0.9353551543675755 0.047034997997402184
0.12820142907088072 0.1739162377991345
0.34028115539287207 0.4201989568998923
0.021291328117686248 0.8906283753781159
0.6692698835338309 0.013469080253421195
0.7443442078283393 0.4800039987972975
0.3198698187842639 0.2643415642890583
0.09176788861091845 0.39876088329993875
0.40176521886163596 0.8030789471693074
0.9815617568102462 0.7098273383428628
0.9895615473762167 0.20044275410004708
0.2040998631593703 0.04784031272202355
0.5252042594608457 0.30079076097363955
0.39242043636192336 0.5026669691719581
0.022655940850558498 0.6880783972008984
0.4237452853064603 0.8347970727495939
0.013912295458767487 0.5944579050131034
0.12263022151544267 0.29721544429895264
0.40711140270723617 0.19286979115853015
0.9062506430493871 0.6381677033832919
0.6784195863085807 0.5809647657815195
0.7429513682341895 0.8516996036229838
0.160103537424718 0.9330949072585901
0.016545819258474925 0.81326704048486
0.5283157961625808 0.9886306031500978
0.2861988669200969 0.8985241631292571
0.5519983763554794 0.6315457794224942
0.9566108947381555 0.3275770603855365
0.03144391744200831 0.7800456899190775
0.7112939606468185 0.9810851681225978
0.9816072550700934 0.10448415164780589
0.042066510124944945 0.31501074096621895
0.0835238610981417 0.8325378781534798
0.7556581295362832 0.5589084075920594
0.16808707402590228 0.13959916587309668
0.8407192318383393 0.19935197865397308
0.8294984816019508 0.9738075187410072
0.048881839235237146 0.499845640802947
0.2761513762712129 0.2997915469095378
0.25937728421906125 0.9560365674825864
0.47751791411038097 0.48048293142659765
0.6338509115809348 0.3127860364890363
0.8035041825094398 0.9268756002250956
0.1662373962400227 0.37602618147524647
0.6881668026983151 0.05112885245853904
0.6366164480268097 0.4749582567239518
0.8021306449460792 0.3713656091957538
0.6912236349575676 0.27899285355748626
0.4133707093122613 0.5569023262092554
0.4134464311954635 0.13066239939243135
0.1291525295864296 0.5267635474606195
0.5991317748236404 0.8353142037082146
0.07964076342858589 0.5663583047365662
0.808609708742076 0.519158512491859
0.07629561583317385 0.11658147524539547
0.7623775656976242 0.38662817242727865
0.8378691147099722 0.2529224814996864
0.3556293386814594 0.6380717039462247
0.8948433356132323 0.012433623532831617
0.31725662405542315 0.23079670753211506
0.42024718162364305 0.983505523497606
0.5053337024718043 0.7389120934252873
0.8000692008891201 0.6056522946704208
0.1330538335122899 0.8024292261952992
0.5344345927701871 0.8284611184368771
0.9107558696040694 0.951574105622722
0.1788295201538715 0.1703895681997284
0.7552496800576889 0.7342854190724506
0.9569289006122609 0.7665711216381783
0.6298973609365727 0.7926198561011175
0.8866091833205061 0.8533681939369775
0.6349925561914482 0.709161545225109
0.36978828507088335 0.04232949508710099
0.14748908308558584 0.6034981344666928
0.9659313468202146 0.5650296974642007
0.9491174987741288 0.24444089248400758
0.361409336660434 0.3065416685282458
0.898976749474519 0.5137493158692767
0.6878658459311661 0.7944831485293085
0.01726378062652889 0.5209661038929626
0.9882456351442144 0.02736586335911939
0.907276164951315 0.14997170991319247
0.7689288553212279 0.9811465581317766
0.4547601640015584 0.6125685271837804
0.7052172984943994 0.3676372338583518
0.46525607336994845 0.1122739819744556
0.4254917460383119 0.32319308139131603
0.8335142924596151 0.7458941711202618
0.16655380555664473 0.8722127681781282
0.2394221966585514 0.8581273689357974
0.40309240570510707 0.049916012494585604
0.19919852951714068 0.30155580532913706
0.043829665699008924 0.23746345030573912
0.38466332040204837 0.6500706671848901
0.5416609272531763 0.09389078127417105
0.34221524699494865 0.7165564580427357
0.5564031432416255 0.26358582634353206
0.19878557723968915 0.7264899474757642
0.44096789644293366 0.37331684595584896
0.6501942028887432 0.18454545763491043
0.9703827085940524 0.48759880018089913
0.26105426116121067 0.7081988711909686
0.6080382276989987 0.2304606992765822
0.7566057308586897 0.9097726388112135
0.12860825913457474 0.06317960292316999
0.6899530982615567 0.523077482449956
0.602285670078889 0.9468270728667549
0.3346408412003361 0.7925792036064219
0.012035543919651004 0.9155127090455528
0.6144145636118769 0.5717948102557296
0.8314640124771725 0.8693974204965411
0.6797280240385125 0.6253599111906508
0.24530265573984172 0.8106852969373219
0.16417227816992558 0.3034390378432851
0.32241987316977505 0.8844962159247121
0.3494659717037326 0.2112175576402014
0.4918302490436931 0.6512326988232287
0.8999843652301138 0.28624782668678417
0.49956748321159683 0.18338749991338693
0.2903154941749563 0.5698489123018622
0.9220525347997668 0.914015656274643
0.9532510173948415 0.39445009741634424
0.010957473226780978 0.6361973315766507
0.47502364070078895 0.7772799187186656
0.3679565253139487 0.9830803024202004
0.13423677030679798 0.23835489682195354
0.1469677338495729 0.5430595904180295
0.8654905864126277 0.8190340979753479
0.23231427859558568 0.535443906751384
0.47054270506401574 0.058808177626569924
0.12854792711267976 0.4169520527659783
0.2812241065717618 0.6280135782389333
0.11008547756533976 0.14995539737890823
0.7823715919528392 0.4624713293277758
0.35285026508498735 0.8974348190613772
0.354092591878196 0.36379293710155125
0.24564654113849582 0.47719247167350115
0.6370269521095836 0.11847233724786294
0.7651450972084723 0.681676474622023
0.5031836704123535 0.8952707169823877
0.05636058507763664 0.3449273845168708
0.038113919877543145 0.14934930819467424
0.7147298828821803 0.2014513167851515
0.7835273616951322 0.08936623507686814
0.8366318670191764 0.4806182487513259
0.9320206225192251 0.1283127360943171
0.15819396285210235 0.3422227839385915
0.281886656793796 0.2452595163363368
0.8243341137171998 0.42471681142153556
0.23007859198615793 0.2618948193818318
0.47135731804711634 0.8335300506889847
0.6052120114182414 0.4100337038394285
0.26944863639698746 0.036352088010618344
0.9511285296855707 0.9880347279114923
0.5783881208705086 0.5522122758395748
0.8096727409797666 0.028669586176344075
0.76135151618986 0.6282443140279024
0.8190995143402028 0.8368030913539672
0.8374358358216566 0.2992103001368618
0.727866922194842 0.2652645723960072
0.7588606664330053 0.09967272704896862
0.39041319062026814 0.46853813939019745
0.45346485800737063 0.23394121085655611
0.4326420954342119 0.8845322129473188
0.09746033941395099 0.6736161204379068
0.22769842172325772 0.3780173595874195
0.7398510555734108 0.01744253258176992
0.8337960511923044 0.5721380098070884
0.09541456056708814 0.18681402577215162
0.1282142494520036 0.4622693155139933
0.30059597567029894 0.9609573461558023
0.2814852950806781 0.9920559401845659
0.7207579656274208 0.655579306963031
0.6338992958211991 0.9316937610659592
0.5844460646900232 0.6897772611615445
0.9846242086211899 0.8658921029886931
0.9766676076558922 0.7956299837077188
0.8901984168213439 0.34915787802768933
0.6517043766525342 0.875347942106852
0.3165086876539213 0.5358421478935839
0.4090852859944065 0.6292118899288549
0.45451124545527866 0.41687852806299913
0.8714136806320443 0.09072009047850432
0.4835448785598277 0.863168739709532
0.21142814757354922 0.14586149394870623
0.9259575169830824 0.5004866417663387
0.3035551123869462 0.7641679509452027
0.7196091840968892 0.7409701357736749
0.6527272712303768 0.3522137068972929
0.5305393004460156 0.570387973280215
0.3021981750204026 0.1611324385762508
0.5450610419968703 0.9587051170611479
0.7278034477524616 0.3944131507271807
0.21738627069889827 0.6921213477396737
0.6913240745647988 0.4343989942714483
0.1563901124494117 0.6472188465061156
0.0936226916607425 0.9873617635924066
0.5952133611451049 0.31262091570597506
0.8541347031407285 0.16967460103438292
0.046723028712877535 0.4352824599883904
0.020857950255356417 0.5575434125534694
0.5489414098672679 0.13890971757359466
0.7730235566520444 0.2312233816123514
0.07616777395127328 0.4710059486030704
0.22263496167506358 0.4061084281112591
0.8746725929909068 0.7967846858239851
0.09012034217498538 0.034845220566978696
0.26983247786729525 0.372139608299055
0.2858290237001215 0.6919902181165922
0.10493041464096464 0.22049184757312595
0.3055238983040077 0.47661509026755144
0.3181105697288973 0.41311253163287104
0.46641834556267686 0.9308449019223822
0.07265881891688353 0.2099311406609573
0.8592895013462001 0.3563691133466508
0.11145882305104082 0.3471692099329737
0.949053672705017 0.45337883953342845
0.937089545019886 0.09926544968333356
0.2629504185184431 0.914066782055784
0.6581484755565501 0.7733605582566069
0.9179001896261462 0.7151985684103588
0.3564348900966213 0.8625426677987141
0.4014511122520117 0.2951977002210857
0.8512271147240296 0.4590490586947091
0.9516795936074304 0.6021250408601465
0.5210614451277626 0.07148398336683243
0.6434263939981004 0.080593471673167
0.5711816280841173 0.1471941790936911
0.2712917631842713 0.3494307677008214
0.21836471382696138 0.009293558605885044
0.7781677245519989 0.7753385938880205
0.6003735188317346 0.08257437340894419
0.38996607217366047 0.15159696703770392
0.5678485575038876 0.22155012911210104
0.23506107033791918 0.7732623864622825
0.6987280898318343 0.08888439171817125
0.44042900453265615 0.05101776598660873
0.5646506688029708 0.7560796090372868
0.7926115404472258 0.636752141105422
0.07137366954087487 0.7651212125230722
0.031940802402245005 0.9582565959064666
0.8218198496297731 0.08298084331540234
0.5218722416133104 0.32817122792671843
0.4640929431615478 0.5099245147082414
0.9518967843608157 0.7374007497020332
0.8961358231399987 0.22875087816370115
0.4665074410472018 0.7114450472451967
0.014887046404636672 0.06896048773557328
0.15540369416131955 0.7846600486593334
0.33857508795443036 0.7506530776207923
0.8542877849114401 0.7119888324128616
0.4802265610490301 0.2633631377228446
0.5067419258886934 0.4534048247751852
0.09030365678756502 0.5881654101592594
0.5547640483355987 0.05641887225590714
0.6411665216912912 0.9883042484176716
0.2939288833681108 0.03575710395830012
0.09450486305430972 0.7488025339619616
0.6846667495237869 0.8271088239277826
0.06577266209784083 0.9010259780991853
0.8613259161154614 0.8784918311518729
0.7424641107877445 0.15044093378274415
0.7917959469752659 0.4282292354512504
0.6789029629396672 0.9236049114988558
0.5225342057137738 0.6690743362468227
0.5175504621982986 0.01514673418674467
0.8832854966864523 0.6649715526769567
0.16541887074208161 0.6822822668459589
0.3245725070404907 0.9328358557851981
0.6652670628941568 0.5011556384395859
0.938757783132077 0.5589805375496255
0.21729154147377688 0.6517766146781636
0.642739108095939 0.23181438629011197
0.8653123967603629 0.12573170253776228
0.193058593917931 0.9396796972941324
0.2588254127966324 0.261956433841525
0.6411740380840423 0.5995732413013605
0.7439407722560128 0.7079292002737114
0.5329570221959842 0.3792586377303866
0.5741113543256764 0.881331441453048
0.5807865509403649 0.198310037493171
0.05838052526696613 0.39105605633654916
0.8569779299834845 0.4318466704096414
0.8326121385233286 0.5123550038073476
0.5850679429339 0.7959610756789361
0.14752337638512053 0.8368321060069344
0.18045022849190134 0.2729696894906086
0.09747866247345005 0.8014586166961213
0.207391424599986 0.9865263239831912
0.982479852907792 0.23238309608653251
0.4875761968859435 0.9849536872072053
0.7952710509773766 0.24054813904261568
0.1795011169597801 0.8429646842581531
0.39938941038413844 0.23535162983457825
0.6903254157287568 0.40049818662113335
0.8292994852085813 0.04998994959828651
0.6894757861696084 0.6606098861015416
0.9918904696068762 0.6836460163822589
0.7379281187451052 0.82568424303377
0.4581155139119889 0.6449258991444587
0.43308369003728836 0.7959142189466086
0.36040299526689057 0.09031122421188564
0.22052033357200784 0.47455058260542643
0.9288030148295507 0.841145009569142
0.918602145695568 0.6805248337956661
0.5855574403432194 0.6496624178744523
0.5194252336867689 0.4282208316592755
0.08032931768996776 0.29116894900653056
0.9378485470030207 0.953271260796873
0.4579965255314819 0.9602348032514656
0.6336205500226161 0.4373525865626152
0.6897044645363463 0.4894396959893486
0.11706854913004505 0.5088604869913277
0.22564124156877297 0.7224152565326444
0.4576373396323316 0.13972894714453504
0.2579651746658853 0.20356371893119823
0.04616636362057114 0.8295949901126244
0.47914229951666154 0.7419224616600565
0.42570201985609546 0.2734419727566147
0.8249770140459647 0.9423527096898697
0.9302707975161733 0.8825420681869269
0.021052633191100345 0.3952736461923843
0.13344428596585928 0.6759136481213744
0.0163645933056919 0.7534737984320756
0.07139098413074241 0.960312453390036
0.14712247256239774 0.9611490110080306
0.18181933720331117 0.2061953771844547
0.3284142466176021 0.3809565165365628
0.29253800631071303 0.09864538048136512
0.42904220183921954 0.6024449261826321
0.11645799833900111 0.5939496589312606
0.05257840083001264 0.2606008822384619
0.10653556679901871 0.11279732385964242
0.19696082444724472 0.5242208639472923
0.4948514388125307 0.305664439322594
0.5337938687696082 0.23442930393618577
0.4314619704018298 0.11267984216890325
0.3679816141931345 0.6814345322122894
0.5567550871473631 0.32195548223645465
0.5998024157243175 0.10402979780172156
0.17949664058118514 0.41260423576211286
0.748376423255673 0.051200021941007035
0.23008723221403143 0.11883189983520454
0.03252341764230954 0.6484547762048645
0.6057665574416475 0.47796447041601886
0.9183139911246634 0.24645293508016586
0.9250181803821108 0.015660852078085263
0.30094855762906625 0.8006705603132986
0.8083822412098777 0.48737450012077627
0.701511334749239 0.24070071259422499
0.6397070384108459 0.010065070468163961
0.6229185259325819 0.9657184354140658
0.26525654063303716 0.8293829517856552
0.412044002557309 0.35918834737617145
0.8316288311550732 0.5442983684651767
0.8824994448529954 0.5394431578980874
0.38442874177630504 0.06488699102949785
0.4837317572939837 0.6068326834501543
0.2486894843503456 0.05760101291384706
0.8812537871244754 0.6318428822513293
0.8761279118062892 0.3813314364898952
0.1616337622981704 0.05628096454988191
0.5367535170837352 0.5101576042195994
0.19590817032089047 0.6240502082476868
0.07819759009836941 0.33269730675229076
0.3648054709931492 0.24138624242852047
0.3646239441702789 0.4287492752690997
0.9005589216637843 0.8259901560959496
0.33005985543703087 0.5065786301742327
0.8947280764157255 0.7768775740763509
0.9382052554236402 0.6335714891012604
0.5042629043740116 0.8314926147258512
0.9898617752540664 0.4097533456731004
0.07348194694379973 0.44459047153120557
0.26127771674942596 0.4262357101192591
0.47692326582984934 0.45282798215043313
0.38080444873590913 0.210074574820657
0.9893414800551175 0.8278016183626004
0.3749144190606711 0.5611026573013747
0.10898197977093749 0.05667539224908208
0.9909208564798633 0.9232868311975171
0.6820237252971195 0.981729405961907
0.6313701665964306 0.7457781879882424
0.34555661924075676 0.5444931420414515
0.9877725737314234 0.45320532843868394
0.2654610206977145 0.12941578704450563
0.9229721046117743 0.28640652228148955
0.4860299558818162 0.3721181186106688
0.7378357348382237 0.9879081683894786
0.010143212681587244 0.8585521821746571
0.537095434143676 0.5370872407589259
0.957126929174854 0.36378711020037047
0.09601402222522937 0.9329928344338652
0.4773809332517526 0.20843363281949573
0.6536870573714917 0.8137522021348806
0.015126752157090473 0.4445900732723798
0.20603627394369495 0.23553988549213462
0.5041231015711706 0.277390186119996
0.15364313143333536 0.10106928706202034
0.8008782928639213 0.9821309242831897
0.18566542848543782 0.07882726116443806
0.7403879374598238 0.1795603091075002
0.9080921771591914 0.06486162854797711
0.6169435515589541 0.181639445720991
0.569305007629799 0.9832506760589194
0.954739256094248 0.5247457419502306
0.5722709047288528 0.3943903818415326
0.3417394974217016 0.006962381153923114
0.5970209720285133 0.37565971743162563
0.5755948192593522 0.01509681401557833
0.5047941591902121 0.5188283842954032
0.8186938502923631 0.2801809777175488
0.6560833521368388 0.1455031778498107
0.245461552212192 0.6387482156208317
0.5142234059636143 0.8644279317910146
0.49883626904028244 0.6959259032141603
0.7147903591804161 0.467953609783727
0.7026387724498142 0.7176845969930765
0.9471387435193026 0.9276096159106404
0.8358314012395268 0.014782101817223725
0.9591548331363483 0.130162748791378
0.3890503368824652 0.369760086706658
0.4175200083775894 0.8569417524881867
0.8258789520906824 0.6016355735266156
0.8968105279166076 0.03477947483465932
0.0974991960607865 0.704197277467372
0.6007192103127382 0.9143410182451848
0.40850571713223155 0.7654443218292686
0.7651911407401978 0.8326286145252141
0.8548207823660211 0.2279527016003235
0.6409678154409255 0.5610852979316588
0.6131579231724595 0.6239428025285572
0.7732214229020996 0.016899451711195057
0.15657057758900772 0.5731454639835545
0.38103247669081003 0.8987288750826538
0.3306932325611116 0.12156766987387208
0.7371401928026818 0.35291804152202144
0.6252343455393963 0.03427103827850414
0.28610477133688594 0.2754788424800707
0.7616955848381746 0.87541366075011
0.19561414149188516 0.4622600558412318
0.6834517539225646 0.20335803871720537
0.8385151966473283 0.7848364932401565
0.3257177435078832 0.450223110386246
0.5024819981727103 0.09188628233808038
0.5560136890547471 0.17591841246937168
0.2785717145374328 0.49844111362760585
0.915418771623081 0.9844525960549974
0.9914255327994509 0.29718587148194564
0.04910282413630107 0.07908306785799868
0.7613560375727062 0.5312380700649214
0.3663959007983512 0.7342027709525347
0.2892111068892463 0.6622555163191048
0.7733144045851473 0.49171548865902887
0.6666490220870687 0.7034296398018174
0.8322282652551647 0.38457357267825343
0.11182241978205987 0.26155494336523066
0.6879910190955234 0.14056768237265432
0.8202063528456394 0.700115685209678
0.35536280152473 0.15240090683543628
0.10444927780792485 0.47449464966645905
0.5298382081483249 0.7486001697051647
0.8435474062960935 0.9042138290315498
0.687205531260416 0.3077387008349019
0.9150308026260874 0.6075630215502866
0.19392495314679653 0.01312424246967836
0.7632607073302147 0.9349031368594473
0.5657902198975218 0.833559177752483
0.30141167458686396 0.3409705145789778
0.859644297763714 0.27602047091459886
0.2923502156741961 0.21725072090293918
0.5378403043200582 0.602009055107738
0.3437527394845451 0.8262335468084965
0.788300904292108 0.3351679174583393
0.793373540895 0.6699073983710854
0.17341753016028605 0.9043408755693314
0.8531594302116092 0.5992951682576891
0.800315053648007 0.1815429252073017
0.9556714247265623 0.02896645709281731
0.9270408256695161 0.3261222006807009
0.35076463409590264 0.28140667593168
0.11885528361729164 0.7304335490162283
0.16217253128951953 0.4609970866509695
0.7309166295590692 0.9319225316748743
0.0071647980164287195 0.17035055073698085
0.2385804836931547 0.34771290616379713
0.8833132902129248 0.4301878126591174
0.5775323204245797 0.057811480657228465
0.11669480950801592 0.8386468495112914
0.8262866460822673 0.3426662241915524
0.5434084388688133 0.9315177882439981
0.8558963924175047 0.6474070550910745
0.7271889383484775 0.6824055701970732
0.7360038847135119 0.5915853753252177
0.08683912947078831 0.8842078050404147
0.40980486245754444 0.47949622644703765
0.433416819476468 0.18332800707661878
0.7332034855601928 0.289389003013865
0.9449680808800262 0.48462860153949405
0.5244705453512523 0.6339309670827984
0.8851220210586495 0.46534886957181826
0.9229116217817501 0.7470514206405168
0.5633856404382189 0.11196478867669152
0.6613158862311589 0.6604231853024327
0.7725472620511011 0.2855599326438235
0.16481330625100665 0.5079341087072491
0.35128539117974766 0.6014093384136264
0.557886474207837 0.2923005474713285
0.5830110210904961 0.4530888496151013
0.7886273685876652 0.399404796885199
0.65581544970598 0.9103566134783259
0.14185374952035812 0.8679233838598129
0.014798739837440567 0.2493953424013921
0.456054432372974 0.7691301925737428
0.5196437745504268 0.15284856328135654
0.4443150421072415 0.30197187369426415
0.7088657091600687 0.5448254304854961
0.2757101505034806 0.5986961558740034
0.9927674212023548 0.6485377185337702
0.6851345691637474 0.952900655430112
0.3633105842711627 0.490337103094732
0.7401324058422662 0.21325251567519427
0.6214174037859592 0.26117698426375807
0.6608403718918959 0.42247332913407715
0.14839695696451954 0.277880461829896
0.3303987203655335 0.14850311703605096
0.418023207190936 0.4497394170945356
0.1357742926021841 0.9882319199607965
0.911138919675091 0.4463977299799974
0.31108577840838797 0.9082881527411282
0.45837052666333356 0.8107033177411993
0.2977716282655486 0.8647481034749205
0.08082551707549024 0.14807471612698514
0.0423010767568589 0.11339267531039854
0.33924013618550564 0.6649927708475981
0.41297408721982193 0.722504098993888
0.526829025592938 0.8008868206406643
0.10659147239138089 0.4064491659789876
0.7152863920957544 0.8607207763543165
0.4216937382275337 0.4037048562048283
0.6248528025373966 0.15366459561878743
0.5063107604229066 0.21917730234112842
0.8555776837769131 0.9828681088653155
0.4425867249678147 0.4369394435189873
0.8916556775142139 0.5645379279309732
0.4843931852703001 0.3396461956144007
0.8636460121738094 0.522414877636878
0.39149145321739265 0.9873178644201803
0.339368786556588 0.960006346521651
0.4731528867595045 0.0900374907132096
0.9241277486710391 0.21545189627783462
0.8039871983954425 0.14326406179141393
0.17413839218737698 0.53853584613075
0.609634271171025 0.05279091548872
0.5445115465115219 0.45026362957304444
0.21525778945154667 0.8375912640346836
0.9426406552137672 0.16199825931413986
0.9425088279118801 0.791547971997701
0.20872792333617546 0.7563830571316865
0.43848485169437074 0.9174326833997077
0.1384675666845236 0.13185829276982663
0.15052236999807295 0.39854613053821786
0.47733298057262086 0.5775616000093613
0.45263684313351105 0.020977837627590146
0.08566097337852219 0.5001943227559591
0.20525275533363352 0.3381532885173246
0.5547940666596808 0.6649848042162747
0.18345066452704306 0.3565054870257691
0.37872306260643385 0.18059510453490046
0.8618292311442584 0.9503515753857489
0.7075378605632718 0.9169167390508319
0.8202111623094464 0.66137107940167
0.27264187351786595 0.463577127598055
0.7026046618973952 0.5993543464535711
0.7945760447061898 0.05158226390666948
0.7164516076402011 0.4277675608328386
0.5316981863333489 0.26833194018702095
0.9853735444400789 0.27231093174547866
0.5608889805809629 0.7987706360839142
0.7525122933578805 0.7623252503623799
0.29999144476589423 0.00881819437757908
0.6107753172776984 0.6687803559078117
0.27154259633031586 0.5542331309183541
0.3967025987652172 0.5851478448816705
0.22750609140720357 0.029834359082154538
0.8538449015115552 0.7593683558839224
0.13353266869597719 0.9297781449544706
0.07989458659851523 0.6268681462963347
0.00929603431891246 0.9452193928735318
0.36683690786896844 0.8017975574873647
0.971861760963864 0.932738206820135
0.0643023137759356 0.04960051054985842
0.8806721046768808 0.15545371908010464
0.6442805881840082 0.6302404323593058
0.2407696976517275 0.9260875118376787
0.36887872229614166 0.45418565427815216
0.7916723518703126 0.573095299992043
0.6008569350359109 0.8724774637564097
0.13428891352748562 0.32637381118434194
0.3652841866230304 0.3922987529419022
0.6048205027206652 0.7450518953590333
0.9042230206257575 0.8741933763688153
0.7163298908233976 0.8151887316031907
0.2637305017425048 0.32298626424217725
0.6257121580854559 0.8481196404268256
0.567889942482931 0.5136858882433808
0.5710367931441611 0.9065228773023148
0.6707139448222308 0.54607910731614
0.9797609245312936 0.5396883544131502
0.2705107174222011 0.8822817266001559
0.8334696872824569 0.8156038096183813
0.021146738954082422 0.30182361924254697
0.9901800522582054 0.9505645102223761
0.4907334865163337 0.9558262060421903
0.94265020215461 0.3450114980263226
0.2692225967153059 0.7660190372584879
0.27936380320249565 0.39506360156276665
0.42409213211943025 0.9461758270552891
0.3103215674947024 0.052873408416113765
0.30401249567838146 0.2969428383176556
0.04541192885748491 0.7344243710020303
0.5813193967180145 0.4252383270588389
0.9598310053942114 0.7112175345716503
0.7209353582352082 0.06361987770233557
0.4835247682159732 0.9097452074816251
0.036971297463887165 0.01232743526961666
0.8958233355991402 0.932021933409709
0.2992719912283627 0.7101490964013213
0.14292967102880177 0.36174329927584103
0.663190956476977 0.033852125370346264
0.6011413725802267 0.130889814069719
0.13266775482021603 0.03528920214364828
0.7630843135043084 0.5958726128005885
0.13578005560747664 0.008411420902314948
0.44224561742326135 0.34698885516016587
0.04753896933863788 0.4706082936642212
0.038393774714773954 0.3654510408563316
0.4520004411757309 0.8546013468913289
0.048271550755758064 0.5655873890440833
0.9033512335422211 0.6938494777037428
0.9381501746718487 0.6599487543161836
0.07380994407275254 0.4177984001960553
0.24031955322658993 0.9848030894793134
0.9652304986105885 0.20645052912957274
0.38449153150756615 0.11626251052118136
0.3607799931202711 0.9304254454521725
0.012530643759638582 0.1349308054955503
0.9203874199079707 0.5781392859598926
0.3237225204911553 0.6390939317119224
0.9026704683685669 0.3811456422001614
0.4443436933430873 0.20632893557695753
0.24296932035953367 0.8868458840989681
0.2097947589653199 0.43242553863427174
0.6145000375669165 0.808803487653948
0.8787024775547996 0.3027503126227997
0.17972743380151757 0.745825845641563
0.2605459594581207 0.5204926130046335
0.15766020137389597 0.729352924684327
0.5106841838992053 0.4036999764867946
0.9772976391950843 0.04744723468979972
0.9865823590356873 0.9843122449114512
0.21407230487625062 0.08398755664958774
0.28200498609538766 0.7324357536275155
0.37856315386503586 0.012884858022280954
0.6157381957038822 0.5355105219190702
0.3253221519412124 0.09215840405400649
0.21214684327607347 0.5739664429248407
0.009666994838054888 0.3686013356626646
0.4297655261826921 0.5127652329938948
0.7380667391894056 0.6279274589427069
0.963048260991694 0.30405172511870004
0.9138557297241559 0.19009174943602802
0.1128225685315361 0.6511325086461617
0.6234896136835748 0.09419749413174883
0.7520628414043482 0.446618978044504
0.8677884851594394 0.19769529094730154
0.24963609185327895 0.5968614292403911
0.06036688899991144 0.6554158831208078
0.8860448268964491 0.7261846770113072
0.7456756192412768 0.7913513572587935
0.3705716425807735 0.3410188684589945
0.49918257395139437 0.12410721353031634
0.8161907384094496 0.8902840777718998
0.6262233848699847 0.374242846491616
0.5097003096267237 0.7724847055348061
0.7142711672593481 0.12166438493268461
0.5154981232649325 0.9722277512755242
0.026393288997425324 0.21313526719550596
0.5867349610105735 0.24884936201001212
0.2157007834870891 0.28281025922468733
0.4450509418600075 0.4872895304826124
0.9624081694555262 0.6796579256363021
0.6888784422137154 0.34081373230784806
0.32907070254474846 0.8521463970096537
0.7297951119546081 0.5579807061468951
0.6576523163407453 0.31811160035706876
0.7208066932191589 0.49902084412205183
0.6712123259911789 0.0739134085035556
0.6989019875362794 0.009427581523297035
0.9257178420999164 0.3918017329795767
0.8619166486333161 0.0284481854943609
0.7948571942861327 0.8316667531183601
0.3848199097580458 0.8454562720038483
0.8087625327485104 0.7543806245656257
0.9580412947749046 0.8889812395872321
0.9839945728057337 0.7357677981606429
0.9856900469550101 0.1701100404023803
0.8064929987191767 0.7241037385066139
0.9515940926658789 0.07017818589836222
0.03221016618272854 0.03769248418057142
0.44212757540020386 0.6825949051367091
0.1114549880918233 0.7689478189813511
0.0970700472622471 0.964644953544191
0.21504021173445947 0.5052435334871315
0.3990506572281634 0.5323165513976215
0.42272413638381917 0.6585175772356704
0.6271098746202132 0.28506622367837176
0.7167741178435746 0.9564847062569646
0.22431697929062538 0.3143052185579971
0.5848368681810135 0.615902870983095
0.3382778347182745 0.24917126100342896
0.09167900868016249 0.3744579502396921
0.008133217753718447 0.979441097644989
0.10816903322513388 0.9102831299488788
0.8323426808335868 0.11272113690963442
0.19310659040029643 0.38754408561764786
0.5400448021520896 0.3492811336849998
0.2166321422504 0.8043073683571393
0.4594874237867529 0.2609563166590941
0.9388436047561571 0.4286121761870182
0.7357033407793802 0.125684665077257
0.9836254132096143 0.5764829104277017
0.9822768990726223 0.32889972214076424
0.8870671105390546 0.9637892261622728
0.1806756196973457 0.035036913986449536
0.09627643626885274 0.5418716885120642
0.32111665419443536 0.6929344467374595
0.7860821401154483 0.902290652317665
0.04527496812129189 0.28544134215262823
0.5770200946391572 0.48001255362680045
0.036282990032009854 0.9183795271241835
0.5311545482955118 0.03920157944344421
0.6873776923374627 0.1119232821838248
0.766363435193717 0.12636712832627328
0.31291621220505245 0.20092556148926327
0.06761816010229466 0.7067506224492657
0.08363615885256875 0.06057723566545614
0.23559738655806456 0.4471757023997491
0.07536755951845925 0.8571711595861289
0.5741158679040591 0.7264471680949223
0.15844177693107747 0.6273245903479128
0.8136000176149867 0.22708412691179147
0.7696224822575701 0.19894550651898613
0.15936178282126617 0.431734212640868
0.5398720623543306 0.8595743555690638
0.22655195953187607 0.16828153496134823
0.6883798100471505 0.8677048188417371
0.6540678337569599 0.7297332012317855
0.6321764549467377 0.6803935540246833