0.3696080772131402 0.23640387492465703
0.8450447793379063 0.7980486124945185
0.34651200030262663 0.8779079647600496
0.9284938286505808 0.2494713297856348
0.06189494921038069 0.5729981118790903
0.0930071973672793 0.2694128996735039
0.6906963126311528 0.582078965563039
0.5984391132486155 0.2797462781805821
0.42407243496748387 0.4925468707495946
0.14414389639705594 0.8272708492944579
0.5949565280304964 0.8805779532165336
0.7896916602528801 0.12778097112090958
0.17259492327309195 0.058957181559948835
0.8475053791740007 0.5725079636423955
0.5353495727041914 0.06301506280455704
0.8382620758582143 0.3961136990118893
0.5796593627798948 0.7323769132525667
0.25451544856125646 0.627543314374454
0.17237699504295867 0.43263158529360585
0.9893271220624772 0.8657013367618411
0.4220550365084942 0.6982746715134199
0.8386389936553791 0.9399734824796009
0.01647323200523898 0.9208769429049874
0.8864588471480619 0.10202832284442898
0.9394945279883924 0.6648212709366301
0.16269537273762558 0.9245905234245564
0.33809265371141417 0.11018101885632159
0.254591342537219 0.30200542120783236
0.6300077549314036 0.41537604118021754
0.06793743301968025 0.7147289789060006
0.47154874393071905 0.37115594497849613
0.7508350611673972 0.2414846648141406
0.7007559104440153 0.7529304648294698
0.9408240215030279 0.4683802413176072
0.7125269709200678 0.11741621336786867
0.021588245382792748 0.014658770518206188
0.045043766805512864 0.43383846948030524
0.5325692409302851 0.5716436354696491
0.7197319724643062 0.8655099432740356
0.3112373972673388 0.40697696296571817
0.40651618286130986 0.10747282580736306
0.2749910786050993 0.7815012083154149
0.5017445662305727 0.19507308269346246
0.29852630914929873 0.5640420356309783
0.4709272702546995 0.8355654218062917
0.017979936679808906 0.168231899575207
0.5408546995078026 0.9259898685545538
0.18631399344588973 0.21922016007911738
0.6971039856703287 0.34768366726319366
0.766153777756449 0.6421234158568837
0.41662136435091307 0.9905059763958153
0.3298422363051752 0.9883077388014062
0.7034025332365514 0.9363488540197136
0.626634025762957 0.08859322044122797
0.9563986360633658 0.7953967055022917
0.21629682803151373 0.7405896986966416
0.6248138734560569 0.5080585375793784
0.824868666402774 0.2948411137893559
0.9660353182152708 0.3536558864227285
0.9668865740793171 0.9873589094581352
0.7659954376564173 0.4679905491124878
0.18336174098203206 0.5822797394263447
0.2710230879650991 0.0728603963320183
0.9491901709507717 0.5380361204216711
0.09266176647770596 0.36697721600901767
0.5100780476339644 0.475133418497169
0.3486037200714272 0.7269444102515205
0.5043709169398967 0.26952079325863926
0.9226540920433423 0.7213733264365385
0.7583739521875876 0.07379239304196356
0.39149822971046555 0.33047012076355076
0.9877700910401772 0.14283486594584172
0.4120115382939445 0.5789509788520764
0.9901797374954446 0.04343903821227679
0.03914961447484716 0.7955874916022048
0.2789158153545085 0.8646931422720672
0.597054321425754 0.6306686251159643
0.59364151235456 0.17095337376508174
0.42145356065740053 0.03841833769029113
0.2720208666462733 0.14567288980182774
0.10151446748686094 0.152949698294494
0.22044556804647947 0.3836991704123046
0.5469262871410028 0.39316351353735945
0.7832094145485091 0.7362302248213527
0.6739346995584824 0.6660805017608425
0.24849044265277104 0.985917912110162
0.564675951634771 0.9845268482692329
0.4402968869548339 0.7693367157519067
0.8979528191935883 0.9592203333729804
0.13104837639410039 0.5936056920277841
0.5023471650119352 0.636783466964776
0.687196655606953 0.4750211275714174
0.833323506786172 0.17305279281557073
0.8428186580360546 0.7003899628327871
0.9155749544801852 0.015556843558375721
0.008016614291863622 0.3299857818356171
0.6596947613987653 0.02086920563454253
0.44634240044907486 0.9258326779912003
0.9193008853195479 0.8693066682648058
0.6647360569903581 0.2244089976563312
0.1099872403913868 0.4666308246367735
0.13271186549949165 0.6704445783364643
0.8326393035755171 0.494322715267189
0.8075980332018706 0.866376426796191
0.1298948837709898 0.09369772429108747
0.6073035734024846 0.7774979733591367
0.09488895044575923 0.8909021211378739
0.4840046620427888 0.1497957664330738
0.8810212466414578 0.31710195809419317
0.0720966231316697 0.9476905295940763
0.46966149470403806 0.7663040299599564
0.04638852472748384 0.6357172742798257
0.7567104650884766 0.5873977277749293
0.7398444171215979 0.3020539407879336
0.7996577044003516 0.031919340355597126
0.2834116369908751 0.2436231683578588
0.9140185852562122 0.1502065205814368
0.3710019695447424 0.5018383615595917
0.43488533351001984 0.2886225323463387
0.36705816548416176 0.6393286314348996
0.34834654476950233 0.047084262833365365
0.1352877160141147 0.3103897991951791
0.22608539497279634 0.4631640532653883
0.5236174468582019 0.7671170021202285
0.7492222188038626 0.9660440448465912
0.21540777929748173 0.8143924320667467
0.9311375029053506 0.6000483511631285
0.17223010910399794 0.17764888687739622
0.12730779519555668 0.7716504988009969
0.39213055969555066 0.43180850049886693
0.4584209982888616 0.4366334203755758
0.27689464135961384 0.6856955852853408
0.23876815572205773 0.20537858369641188
0.24936836682402563 0.907474486785656
0.7548255459106226 0.7985983757878818
0.6659126082432025 0.9374830066898889
0.21929177722126958 0.5747169491646082
0.4442522125035138 0.17265392437779886
0.32638665132417605 0.3646736601253149
0.012199418023553565 0.2042597167435824
0.01316821224646686 0.5184235871483529
0.7289539771075102 0.6860738874931316
0.41785244790633636 0.8364586346605831
0.29572323147942 0.4634512584989281
0.896723646923971 0.3854675644879727
0.14506280392557513 0.9517581338623535
0.21263060955671453 0.1271821890977648
0.47717861461107497 0.04699706152790878
0.5467881239120645 0.4282638604319384
0.6519102535523842 0.8669951699732475
0.9866492414317611 0.6831647480802865
0.7700828418535498 0.5294654966630438
0.5954484693805042 0.3058597223588575
0.38374777797582665 0.15351971288153005
0.37537554428726644 0.8217904797042588
0.44939976827438266 0.5565273205582326
0.04424331843709106 0.1023245841192893
0.7125293852481344 0.7893729276853922
0.9607989248253821 0.20425327679081312
0.16495892844619053 0.3741981029285651
0.5356284098892607 0.12284265588661808
0.7837546496009948 0.41764251293327903
0.5792826793994514 0.49069453662476104
0.4828181511424088 0.9829953680250787
0.09203356659648693 0.8469872004542243
0.8980254524859598 0.4843184674385442
0.011866048362322523 0.6990495672068798
0.5382932442816243 0.8059900526906586
0.8299893215729428 0.6149043469959377
0.3231971203529886 0.931660306884157
0.63315727080894 0.9883777409225056
0.7592318632432182 0.3592786366529153
0.6439866656434841 0.30989292017545583
0.9779980358599344 0.06808389568507556
0.2009287828192688 0.693541157935156
0.11714085734911955 0.037141398293301875
0.5295914819409437 0.6851196875029499
0.3544413771889625 0.7896821449607128
0.20973836802346651 0.9504465238778493
0.19205162087815392 0.8770585102709338
0.5835306938496574 0.009914425082681533
0.6363182443849678 0.601259734218481
0.33084577405565785 0.1555028011660028
0.3219305745008365 0.3149075031322762
0.6226462561521395 0.14627243656727051
0.12267117228264424 0.5390325190468457
0.7350013519658563 0.1710886324263859
0.9341908696838492 0.8260850553776993
0.9899585783500898 0.5609042915150423
0.934697472925403 0.3050691089987564
0.08559686287791057 0.235022488586067
0.23579113188917772 0.5287881169572297
0.988847202995296 0.42647702486339834
0.14676404781960872 0.2608658121863683
0.4792361933837527 0.694466881710391
0.5887944116485231 0.576645520440175
0.04069520159465201 0.29413596357108324
0.36639038258952794 0.5361693953089061
0.881863125786537 0.2043540153325631
0.728238364729368 0.4188693788135607
0.0437779003362172 0.854704785334893
0.8063774687448091 0.982972002400468
0.8749548753359275 0.7431579063959801
0.08667291447638181 0.03322123423328782
0.6383340303617524 0.7222044145089402
0.5239350011772029 0.8902494593744761
0.6839228963140471 0.272788818042652
0.3825952376315459 0.928058712061778
0.4905857589397043 0.10890120908082906
0.05070981886914899 0.506618137284902
0.34350373323482564 0.6567206975314093
0.8460638108898573 0.22717280244334548
0.3199863530325871 0.7393935267845246
0.2109248550770691 0.012064398710070645
0.8907660337397989 0.8947208569032723
0.9431232221741748 0.7381405356740712
0.16290238520617367 0.48680920498901437
0.4958930980855273 0.29896633764932085
0.9276544965354652 0.4142827324648612
0.2964339974670512 0.011432649197585076
0.5906579099984579 0.23267155124577565
0.2372999081538289 0.28478813603032405
0.419662705558549 0.2660803066903563
0.9584986837468814 0.9181925063385825
0.7759509480847289 0.8886090770029235
0.014789650947493405 0.5868135627615949
0.4547263144484869 0.2556455085064048
0.4727668976299971 0.5710530708092292
0.16445171554759586 0.7620328813993631
0.7813903513455583 0.24664545347713185
0.6903187455736429 0.036082701668913975
0.6490492732843249 0.11724570929174877
0.031889383092505996 0.9830697767194871
0.9237768154687556 0.0950681289917133
0.290692362268573 0.4335710073072705
0.7021183688450368 0.5285810729372957
0.8763939290029709 0.6508413470958848
0.03634795737757884 0.7598928677806797
0.8736971938272913 0.8502064032114
0.09689761489489007 0.41162354863005923
0.6584975661979605 0.36179812139754763
0.575719022748014 0.3755337083155119
0.9883166259485255 0.6063609670980222
0.8563493630616514 0.08615478624883316
0.8265385603874875 0.08777706239412064
0.08750667748332114 0.6712979085717178
0.598153126738737 0.05503986347862044
0.6024423667034607 0.6816790013239831
0.736191628063811 0.838478121127504
0.38722613525468275 0.6864776258151035
0.5510237215069573 0.5354532848320006
0.6686644435698412 0.9624141986420458
0.8499857111337712 0.03320033007127576
0.3205205957576302 0.5880733969245717
0.26470952589956537 0.7173439837505358
0.061080058483277855 0.3705130779748256
0.27364181554350925 0.3543162844220412
0.9887326267013659 0.2657802079666176
0.19220191227283928 0.6570872159194127
0.13369047434482462 0.702561299712263
0.2765797676647256 0.5071280387481248
0.4311587446126378 0.37698626379037486
0.9807552060421104 0.49221276344700143
0.7576861860645656 0.7303493035535356
0.04596481010025333 0.39674674640316127
0.6601409380686956 0.41544742511677524
0.20900580314889378 0.32252353192368693
0.37873868056315046 0.04591474179615562
0.7975738239849621 0.4520428691093601
0.6600114798088317 0.0891883850213937
0.8516710907838526 0.3531060732210006
0.586242553444782 0.12677272206159862
0.6044506936607841 0.828247358535005
0.5426479234310733 0.6178067286225349
0.27699885463940477 0.9235452017953016
0.29761452135142646 0.18541518732592804
0.9764050560676696 0.7419025733200904
0.6746210609862654 0.8055296469584357
0.11282292555535584 0.9513882074464055
0.6126429381483938 0.44486410054277264
0.5203527749887152 0.7355359038580991
0.1928768338630233 0.09191256071639042
0.36821574885145625 0.293527185723704
0.960654346349419 0.028811853438810153
0.4607394989165135 0.11727797671266893
0.4578603829816665 0.6465108779106561
0.8775518923103827 0.5748547492424154
0.600777212477065 0.9462473067972563
0.6413624376009535 0.2171440481973313
0.04375559635070975 0.15626744315713237
0.7141626773209587 0.6363279583769044
0.39272334388850694 0.7556563967250942
0.8069797544755106 0.8006627209377948
0.8828771836346425 0.5329774056715602
0.27998488649712505 0.8380651778038191
0.886869877459305 0.2681045704280915
0.4205523281600209 0.5403875988030584
0.6896169590580391 0.44173195503277346
0.8563983973501132 0.14188066422820556
0.2727178208128267 0.5902745506874892
0.8923390791974788 0.6933928616104468
0.5346016740429375 0.24648758998104436
0.4177390593803895 0.6426742510324954
0.5697167122415441 0.29717511269317476
0.48542086657130484 0.4138255099187028
0.07585294530395104 0.6382145356204676
0.39674866802124753 0.3820029710411507
0.10069913544477388 0.18502785333637667
0.9860428536698363 0.9237201907670773
0.8691447003287682 0.4191042287844052
0.017949878095139538 0.23614000184367423
0.6693981724577398 0.14579413009700803
0.5118103621128087 0.3357861962614803
0.6954063395362428 0.17478360902098666
0.21766545331674247 0.1547566950054099
0.4318727260084313 0.809193507470731
0.3691626616240195 0.18247480655513576
0.6515407819069436 0.4872841479136968
0.5525962562331591 0.8328380288123687
0.3884265996428239 0.9859691828761069
0.6625406845111836 0.9132396328669864
0.7882276318729853 0.92937789444637
0.866818392975577 0.9628877567350878
0.24197013283505647 0.07337423521935416
0.08593430209934522 0.3273009664088391
0.44383024276122957 0.884978661787096
0.3486750247147441 0.1996035077984326
0.502815619969926 0.9095522971382095
0.7764038260330052 0.21344676529329248
0.13280407220636908 0.9034966239702373
0.1741378597192264 0.5490748224788886
0.9080430353685554 0.21528223206298747
0.8038618439492756 0.6582177141112375
0.5567798391473076 0.18133718368560864
0.4850351614606105 0.49910552814623954
0.3238037063936878 0.706765570802522
0.6807532445751281 0.834370696840534
0.3419138049642913 0.3472472601144535
0.3534155031877756 0.39325351909504636
0.2863911237578174 0.9842370760449812
0.6574997635554773 0.5739374223573109
0.9849032140938235 0.3068399463796526
0.2409367139804055 0.8785100614051911
0.9001329567206794 0.7772678635258545
0.7931013265432891 0.3085348087939006
0.16238151455106525 0.20089711551065859
0.9628052716503951 0.13097802910251677
0.34004309789539233 0.5259553151750341
0.4825404755811189 0.4536182947933295
0.3476833303572158 0.014641974663482715
0.46140407438569797 0.6142934820962247
0.41381337114856687 0.1427878199190396
0.5266816970940458 0.025194805517675056
0.3264906127668942 0.8125815066988449
0.5766542403257645 0.3298269235236119
0.731637626892707 0.33488426157462425
0.04301726821250934 0.07676589541977746
0.6489432956899841 0.25149164097369536
0.24548041155972034 0.7481365991920663
0.801718072166395 0.576296466148428
0.08681629318562706 0.5516871007305219
0.7409362048920862 0.5507201534228232
0.6730314753517743 0.6372159878169922
0.7687728102193935 0.6735155693769188
0.7206628588566922 0.735207514247042
0.6059746087667255 0.5349459768635234
0.9676802526701702 0.3968117453177094
0.6243992234608966 0.9065753166912133
0.12393812786694386 0.3995031400538287
0.7859734236700366 0.08452796728557627
0.9665324581446828 0.16737173603431404
0.173426348568971 0.6092010837148985
0.07441078157824882 0.20026654354855383
0.14147527455475817 0.8596425194204175
0.062086814201546436 0.7950371891235918
0.022636273553198583 0.3589844737788065
0.7362045716804232 0.467358263985565
0.9553525486819774 0.6981035204282584
0.10207954281417919 0.07637413055044906
0.19136477536792773 0.9123139049444413
0.3464372044927804 0.9480893007988855
0.3391577999642581 0.25293380229153545
0.44516316849078374 0.7093116716647434
0.44939032879975305 0.06731549214064791
0.30386986498883406 0.04954039878831207
0.23226982097404392 0.355448475921737
0.9153510688041671 0.36056363059465374
0.17304064871594133 0.260005987312139
0.44992543378430266 0.3413000907802625
0.3929961462103308 0.21287813198999161
0.361844035691124 0.44371368955352863
0.47725920533835864 0.17901933553829197
0.7983760681662024 0.8983532471217486
0.9777168762589742 0.8317534752250493
0.20923825307888327 0.7854561900221511
0.4232692925130841 0.45956132263012023
0.0441647907692469 0.9109306235648869
0.5436433121573188 0.465895582905425
0.36778387189399764 0.08390201738762587
0.20409156159914177 0.6167268010514163
0.6811408716922401 0.6922776912887937
0.8814784183888467 0.01275109683084813
0.4569942072743436 0.4004081273368642
0.8059097288474577 0.38803686788607206
0.3168350451394639 0.8504840819426516
0.35350326686998945 0.5697347059712978
0.01143429776656435 0.13152786606981132
0.5562414609862656 0.09749542677467432
0.14764893659159284 0.5579750244272346
0.8023204657688638 0.52748997053929
0.44970125831778124 0.014120100029420213
0.961797633115137 0.5810109591878262
0.09586769960156583 0.5853263927396125
0.7067663172819965 0.2018742001475034
0.26456539074607377 0.4168989784982089
0.9707165524942016 0.6627893072136269
0.8473219770556805 0.8679002009212663
0.1192149042354198 0.4386296772903111
0.8174355648914626 0.7727176386647623
0.17027996857625965 0.012043030120638065
0.5344854886708157 0.9725513960266657
0.2884625900540122 0.2997324666834047
0.60100750332944 0.026629631519687835
0.1572909565398397 0.09446064617661531
0.7851486804823001 0.8251600667777215
0.7302317303595175 0.3685372565152508
0.1694863308613489 0.7193543463185574
0.5743128477961664 0.8055281850484377
0.472065159301484 0.2807046563936919
0.18860414933164898 0.460177488245253
0.7451305983445611 0.05090933152745636
0.8950567765370676 0.6100486237928209
0.7621545307935491 0.016668542007919895
0.41888953966088716 0.8965073168011073
0.9299017395259757 0.0560272624717682
0.5754356073524203 0.6629816717711086
0.13482482480009406 0.5054799934472705
0.4228893731280106 0.9548120454540163
0.558399079907763 0.8853700975187841
0.5323330832962864 0.19877545094089355
0.8126860397630933 0.2319326011886096
0.17203997770960544 0.9787535971407447
0.6979207913458932 0.08035491829230063
0.1034429511078836 0.9870719273880001
0.9618148776502788 0.24352931812666256
0.7366244865761596 0.5163476571696612
0.4857691125849133 0.7873879295305983
0.9259130059731211 0.9082045180945939
0.23370004595733335 0.7100063856349954
0.7980504681799332 0.16149395408623718
0.010066719741946062 0.8745502595918919
0.1260118103001786 0.36739913121211
0.09896051736083145 0.756336975418701
0.22236789835423199 0.6363667387630114
0.30455116225496126 0.08146672562974827
0.5128208004181952 0.36635318655978405
0.5502004965453082 0.7496261495868204
0.701752378160999 0.38391988832814306
0.7043476048856505 0.3115578994695004
0.7670209789565954 0.27192996079209997
0.2679178402879055 0.5635139598328979
0.31336227357102264 0.6271923957009709
0.6111377248439303 0.11253742915802772
0.26310668886836897 0.949501572118107
0.2666465092913407 0.4601678055945975
0.9082341752331067 0.9880173028879192
0.8831784526636817 0.45733721194629134
0.009407812555701722 0.28788625141667057
0.01973036764841285 0.6587693475169045
0.6456103442696357 0.6688541051561332
0.40068901100142407 0.5033829611658928
0.1012267429966408 0.7896685000749188
0.18420304696826129 0.11755134053325894
0.24342956597874232 0.17844116294634316
0.38981661895200803 0.7173023766572035
0.45951705830851564 0.19797777697459767
0.010248016257993264 0.4847224155247298
0.31287550671517483 0.8893201177592517
0.1486392039944615 0.47000477956148184
0.04410689508448118 0.5438952928819343
0.8164423303973543 0.7109013799748268
0.017090060942457685 0.6185729779193913
0.8056182111192325 0.48905276113766427
0.8851273081317138 0.13755149061519223
0.5432992473729918 0.8626173204880307
0.12727818295532012 0.6397281616584336
0.3237154962821087 0.46032838142156673
0.2127457733149415 0.40825076854816306
0.277645830920266 0.03757552468954012
0.7373946524148629 0.768134470492656
0.5448141164902123 0.5013074405861006
0.28485691292046 0.628964412283277
0.5988723687519564 0.39732577175052597
0.8613569699611995 0.2853746466220063
0.5796829430064461 0.7668984324774186
0.6685761377577343 0.7151148173342005
0.28449099749701623 0.7338435993170312
0.7217573714698106 0.9848719768769512
0.6469897562534387 0.7881200260755908
0.2519133644379218 0.8052018336579008
0.11327729638001327 0.2275304612542331
0.05682743396939971 0.46680099687598836
0.6133026494816765 0.5984936344669657
0.1186266725851099 0.011038525091360829
0.9527088950460618 0.43521201884827765
0.22378711404376161 0.10047661558422172
0.9887509225939107 0.18418172819388368
0.898522892298254 0.9233170934324253
0.8985614717797866 0.5099719002860779
0.6315515409852428 0.35832535105442553
0.15956255738336667 0.140450679357277
0.8680761765075647 0.7086564563602056
0.7774747249496776 0.7761874850967709
0.12765645231727774 0.12352108918131371
0.36547170280996233 0.12603073644462848
0.03901212252067421 0.7338683038021554
0.8485414459286528 0.4470671613612656
0.7267864176551405 0.9393204235787335
0.6664438046754626 0.51446273570667
0.38108294470528714 0.8928243711949185
0.3083707611949431 0.7856798707529236
0.9489569551397413 0.8842135681682275
0.8868082083791096 0.06835600389199903
0.36302131301812945 0.7564246011786719
0.7697698930525435 0.6169486349064135
0.543146062073164 0.3449013487712791
0.06272875010700357 0.012463162026867869
0.9353550009565106 0.13097066502873583
0.8303573493700525 0.8327692504125392
0.18267313902005639 0.3998635691290968
0.4968169669285935 0.24016815823614301
0.3019187605256159 0.3427860277979027
0.48903200693318655 0.8759103802853392
0.48670392183817823 0.5993039156727759
0.24243556457470483 0.13909538093250134
0.6303051555994189 0.05182188632520601
0.10213060929727852 0.6163590370734024
0.8270533078717968 0.2544779106271806
0.0721085732821225 0.8290842406015122
0.6476419962669098 0.17692990025568195
0.9224649302051002 0.3301816731760353
0.19464443383310975 0.3654426747912313
0.8128582194869082 0.7475148608070304
0.0664282015469369 0.756512525468373
0.9600340837899699 0.2824172853697332
0.11424759323235112 0.722097507161968
0.09932116205440661 0.11560692669366107
0.3376862705580862 0.42147215784817316
0.5205654862951973 0.5438266112254874
0.9125699276622807 0.5339235914240897
0.8329745319034082 0.5293234989079709
0.2159028258002766 0.2272997498696775
0.290720051630781 0.10597273027088316
0.9921391986044046 0.9838774642006418
0.22313788197945827 0.26168729703720545
0.4710683684026554 0.9523621330564904
0.567442748294697 0.05329537696514686
0.013584885953385584 0.3848918092596093
0.5007568537812354 0.7146605242626369
0.39248694898618197 0.9539897568111446
0.5058405161781468 0.13708306500963652
0.0494296729261145 0.33489403336799384
0.4061551537639494 0.0643771707558623
0.8751423653135946 0.9893560110898347
0.7285118427990251 0.1413896508114465
0.6504180739650568 0.8424465035386217
0.7305017318399648 0.2748039885972368
0.13557347781048312 0.9815346690503426
0.8868802595268617 0.28973128200907833
0.9051738037252028 0.8360893535439962
0.5602346607087791 0.586511951559892
0.5945672019827499 0.91807628746565
0.6931044756838771 0.008595699478822771
0.9705779745066683 0.09389339855417245
0.7277561594242645 0.5907895728417413
0.6400850429795508 0.7571665558151073
0.38639817379846675 0.2600523669289742
0.2086175157362425 0.986213377149419
0.6902630742505098 0.8624141069624605
0.12875994537972157 0.26992544934201484
0.06154639239609194 0.6746615968584766
0.16118780541036348 0.28486872065617164
0.7742565663576735 0.5626090714062774
0.9789946293408365 0.7110850041877121
0.1842567261857092 0.7833633424081756
0.17940843396153783 0.3400174087090121
0.9308910940164741 0.7734187513617876
0.33336366580120735 0.22220912267652138
0.402523594978024 0.01273141138181988
0.1966245992998939 0.5025334245264232
0.937505635633042 0.5020875229316067
0.42251622115995335 0.6707416205063561
0.7186080767082876 0.23472277098686128
0.8798416036441774 0.22968714813494723
0.047550909698579724 0.9534285087551819
0.42100232152216377 0.18208269402454197
0.40430751115167274 0.28561573007235264
0.573213185767993 0.15531662889319203
0.6371958867338471 0.6326152958008464
0.4230880909039329 0.7406214171794452
0.7894172125463583 0.8551070135175107
0.505033713675141 0.053475350575726166
0.0390515266853147 0.19439010949930924
0.3011784475922621 0.5214611302824103
0.9823492384782353 0.5239183329008673
0.3914931754762372 0.6611402617589062
0.4957223572288369 0.8253259885968125
0.9070347005915562 0.5669663902553503
0.30568241187242096 0.6778735975454253
0.048646364117987284 0.22664845972219028
0.7642935563921454 0.13986307575971746
0.6532007719620292 0.4511491078032693
0.41843889626850295 0.4132755330370833
0.8895274674315712 0.3433120063434787
0.5797031905331467 0.5233194518918134
0.23923557907192738 0.44007480202140514
0.14830423970865736 0.40944853131830095
0.5098458434593163 0.9425278537396451
0.25136645558103987 0.4851376246788684
0.9881033757499025 0.7813084993655326
0.8176040121354705 0.3348405619049284
0.3500935174360015 0.9163764535383703
0.9818135706632753 0.013387147660630594
0.6107075494501963 0.7396503916326154
0.20959639941122377 0.04099964011453239
0.9879917454852908 0.33711174066879634
0.29877122060268324 0.26675965968390447
0.48531449706419094 0.33998096756586493
0.1783811302560791 0.8453952954345678
0.9290294900296205 0.6940688936229147
0.0710260992564159 0.872442820328776
0.6418680788577312 0.8193334108657349
0.45743077936029974 0.31494827953485827
0.4271911954193317 0.08650540577106869
0.7098112358672625 0.46592601041165754
0.249440882606548 0.04570523869027282
0.6463775458001919 0.5369947829970141
0.36390153100636213 0.2697253050031228
0.8069373134790432 0.10337381673970497
0.6295352366130357 0.884562150551435
0.5297354814455808 0.28425723716094825
0.9377547157944854 0.166329931121881
0.5583964906631327 0.27087112048514483
0.051552917721435665 0.04456692222388692
0.5583607008393123 0.21591093569577458
0.2219630866932784 0.8358035725239321
0.45916912710723795 0.48855549275289506
0.4627037762790807 0.8127563514825256
0.37224475394403556 0.3604167194315864
0.1044367646702436 0.5120328149802567
0.2559959160009118 0.23337292437265128
0.6143433733213038 0.21311567501179546
0.3920647975816207 0.46135171841359063
0.7549908129001118 0.43962037373519225
0.9607915079110686 0.623687728254282
0.8604508801147481 0.682527977537148
0.794615711967559 0.060933071978061915
0.885226491514143 0.8021487276551746
0.669521992926396 0.745479303955148
0.5791053332213962 0.8492758476061457
0.6949121725462053 0.9150687161662241
0.2737046590177503 0.39118308592314466
0.6778858150255518 0.31352352671016404
0.14116037989558833 0.7391648992509463
0.06925989143009942 0.42796594497259255
0.6013061265807647 0.9798754200791564
0.6787212550264426 0.9891317263274333
0.3874974550555822 0.8536976112505128
0.13172364385114377 0.929698963580669
0.15253522477263387 0.7948496311084152
0.05894002238697171 0.5987734894924229
0.18046271586868207 0.697167679447535
0.01742565224738768 0.09517970185125585
0.8084270588077678 0.9405760157081335
0.44608352245949745 0.5805237036763147
0.35757234426351114 0.321768397775001
0.10387308944972101 0.9139862358614489
0.8178035767845898 0.421003140828027
0.6797871406304673 0.5519239893180856
0.012723294214709802 0.9627379942578067
0.8616037228061975 0.9045733329847092
0.7074465313705992 0.8161559720975133
0.15659108897466195 0.6881809105512113
0.4844713362095235 0.537290068480489
0.46443143323476094 0.8636859278629669
0.9430474978909968 0.979970820120632
0.011272645183489083 0.7946689854079506
0.8630580153559169 0.5077268996218426
0.35158992141537293 0.1489200093659756
0.5207821209989874 0.5998367460998015
0.8350709916986269 0.9688326191475942
0.8528243314339043 0.2003214957970496
0.7607142339504369 0.10099553376299097
0.7599143172520035 0.5024664568750172
0.5084315053966183 0.8008649198248762
0.6039314418655211 0.4830645162839001
0.3110870673192202 0.12656065337996686
0.8984636932036787 0.6403503820983798
0.16116116003666808 0.9023649639895064
0.4307209780022422 0.11975658331488226
0.7530115029022546 0.4017812897002264
0.07858866217158078 0.3951818773188737
0.013246912466056027 0.8303433815997503
0.5202133444094049 0.42175694133531455
0.9226915175427858 0.8046853295393098
0.800479499096782 0.2754471449660843
0.6664321850518469 0.051113712287112034
0.4252995630838493 0.6158628572102018
0.21707659857852335 0.9035319669772163
0.38355414828695084 0.7865875286876466
0.6813586189629428 0.1110061998184751
0.6991785377926523 0.6114822912212976
0.6891094461089365 0.49994023050865377
0.43392629655773796 0.21819225280135035
0.2917457930375573 0.6028986325210262
0.493455251227819 0.7519763410962801
0.9815236233019515 0.4590601243037806
0.6296657581156085 0.013730682299119334
0.5383924296189777 0.6470679378779086
0.7255799646186997 0.08355435048992904
0.6367663299896285 0.33494336226235216
0.7015928786392508 0.408641735392124
0.574141057306958 0.4123714800074331
0.6044823877075236 0.7127275999924583
0.31395522380691065 0.23882679129350476
0.7891053498133949 0.600986329677714
0.9204448898550641 0.19495043595130696
0.20076773386744284 0.2869132844836597
0.6187450733259121 0.2558556497832034
0.513391732635287 0.5095495690612755
0.8973582814495563 0.04232988397481452
0.5526051435226954 0.01592145674637463
0.8339886907918991 0.013114768086809891
0.18700078207801352 0.9454449836325672
0.39474818413000956 0.17651507891495422
0.14159742412789605 0.4451918219375035
0.06090718970389819 0.2672710412764808
0.20307118069162683 0.06923732021772544
0.6239861437564986 0.2948346257186891
0.7373705618066351 0.19916026333768494
0.11156115892537255 0.3353081599704812
0.06989048123530728 0.10692608344478288
0.5786842372494381 0.5532251961294297
0.4955524010758328 0.017928820507694843
0.3811073103503687 0.5878730911097745
0.238586782389842 0.9446351634512038
0.35320999140974874 0.8438687611417801
0.1114253983206338 0.8164451531781609
0.34957135445780774 0.6925685257747277
0.10759942474274731 0.2884725049353033
0.23085255308653102 0.32627756934785723
0.9915351408954436 0.38374189281211935
0.9132163285576234 0.4468121098653113
0.7679316421635627 0.16932643789172286
0.6336647156332051 0.938309742991156
0.7627058655333978 0.3180770569434227
0.9090726999960149 0.751194832477597
0.23197527058469758 0.7841128380152294
0.414153558599397 0.34569650812243147
0.5107686036934688 0.8540092852801788
0.8099091773888859 0.6330738741290729
0.46374243272552296 0.8986324530557679
0.2714619899747406 0.19297532101953307
0.761598815365224 0.9418651111533436
0.638907922923134 0.38866034831627816
0.24812827723336406 0.38241161452691
0.04151138728936271 0.1259129450993967
0.8482674973611196 0.3194495702991036
0.7144814725611129 0.5559090591972787
0.5323963944926696 0.15960934168176422
0.16249851235184098 0.23114973655737225
0.4763249253178422 0.07638905612627034
0.9279464873818515 0.9382803308384385
0.010749293444631713 0.7645644228055604
0.45302021222839195 0.9940870528483541
0.4569395029306926 0.5207441527997027
0.0808005210777894 0.4824716418942102
0.8586443955709424 0.16314054246584342
0.14606144114747116 0.34978083062773824
0.9325385867201446 0.2233537228272997
0.7074983751863735 0.14957378006161298
0.3367254470611118 0.4937454003980985
0.21022584381928117 0.5476629598188831
0.8725852147494592 0.9343095709896396
0.6236340039610677 0.6879374082797374
0.019118175388481207 0.4120672080322837
0.26056146868006386 0.26669439983687176
0.2893986298552709 0.813118923893797
0.3046188973743159 0.9602690852211355
0.17900386033208393 0.814702581863918
0.1868051874902656 0.7359352987089849
0.8480910939464483 0.6364163298024096
0.17794443451223102 0.5255856993978949
0.8223396701050382 0.362812113649703
0.6540464472830005 0.2827238417115725
0.1549743317273593 0.03546330859733737
0.8206554789655677 0.14575763785178553
0.12113780677493813 0.566720401459039
0.21804032151450525 0.5948898013659685
0.7529037160615466 0.990679042451207
0.8440154212438815 0.7422664800424155
0.9487815994189246 0.9569807491965028
0.017995310333760672 0.556711814923037
0.13640339562530285 0.1619632518635894
0.3220968810983156 0.28268993466328635
0.49209882518741127 0.6629383593186824
0.707750308221887 0.2611187840286536
0.27371754823467964 0.32368606042283854
0.41640151215074606 0.7756136186494189
0.41511903166595004 0.3103827019112892
0.5725695351351963 0.6191614022313044
0.7078469414097732 0.6667409985154722
0.09122279905816472 0.4428074416652496
0.9911354134537498 0.10783832801060478
0.874590749243153 0.37807410211965425
0.7415763865951779 0.6611948590141592
0.16056989056562765 0.6545160346776011
0.9534078553988798 0.8538524400173237
0.018601146580878636 0.3146878198659555
0.8609087505361568 0.4766498938643045
0.6644467537290842 0.6073822460996313
0.35036940040427367 0.6106629869979959
0.04071128946497293 0.7010782815014017
0.7681575409121808 0.700831218742034
0.8754554817359002 0.8729944600783788
0.7538621160694083 0.9149430260718387
0.6857548897637206 0.8915226412029005
0.777389326398356 0.37441847322403865
0.06686264687560267 0.3059403085204725
0.6231170116393513 0.5617333957985366
0.1721932711930404 0.3126241919650019
0.9564959230392363 0.32537719389871345
0.9072409323955857 0.24275579401938785
0.30949720109636825 0.7642216887810367
0.6096064530873964 0.6557448808681757
0.9139938773512992 0.669767322888405
0.4509832234649946 0.7406302934614428
0.2575307671499517 0.10743333983935988
0.8318592412287541 0.6674065982510232
0.2060263985628079 0.1809844387894623
0.5887200032719799 0.442098098417475
0.689705023920913 0.23135800899574605
0.07712649113652109 0.06877887557667894
0.3207303960242367 0.018215452834465795
0.30167514954697283 0.49097272470870074
0.5648105820718482 0.45017083706236727
0.2323154280461251 0.658994168082345
0.46638463055734813 0.4679917989217406
0.3047184858552648 0.3843303340894091
0.5847647089710768 0.08803481344908987
0.03795753214617259 0.4837389827108308
0.27017670201886596 0.5355734431338095
0.4518734173219509 0.6783742317536621
0.5637870294885986 0.35657398151433056
0.28458841968249715 0.6571899794368079
0.7370973966514666 0.7154793189866847
0.07412498176189775 0.13817009434047467
0.5734072166324082 0.9049114475180513
0.07002197696306733 0.1690425751391728
0.2140085052196546 0.8649877276023594
0.5016590659216644 0.6816142921577202
0.08869859698979299 0.9354013265583601
0.6844228749447065 0.0652925332597894
0.25449482475273966 0.8485455558875695
0.40421659492116807 0.8113481793795114
0.4165129020590045 0.9230403091205681
0.1873803303642036 0.1510401969121381
0.7288286514390989 0.8982620750392128
0.33799268467442933 0.07549135255794565
0.24974081551243893 0.5931350415883334
0.955058447053317 0.370339108276342
0.6048420034720441 0.3324250467576869
0.7905188186147989 0.18881367487572903
0.36882991219569106 0.21526148830472225
0.32424258466120587 0.19188049657898487
0.2522455088542393 0.6761273884541166
0.7287079858212175 0.016943712443370285
0.09636050617447312 0.6953482013992976
0.5121853083246842 0.9882792200320234
0.5468623652425101 0.7152130927599023
0.41052017993143064 0.23658079072351873
0.7413166600848435 0.8203186910020763
0.9041694829935814 0.11801056855614211
0.9292065314685822 0.6306271586806009
0.9382077052609852 0.013324548741086129
0.23972058730090806 0.5556672388169657
0.8892541399447396 0.17824697715389176
0.28469277019487627 0.89245779548873
0.8631901536980855 0.6090775508110772
0.4651965891731967 0.22489770562420575
0.3915900884039796 0.6204489640973287
0.8246106147307831 0.05559479956489283
0.587317160105814 0.2026865839673912
0.8555021930963076 0.7731847909434574
0.24093484398989234 0.5054760089955559
0.8265156932200695 0.5893462881476033
0.8460946584238693 0.1176880925234251
0.14825066896505312 0.6182612358021274
0.38152499680800156 0.11521477040148109
0.605110344877527 0.3675629198537955
0.6210131175523019 0.8031051792393683
0.7600395522922027 0.8585093153092784
0.9296779667652828 0.27353433907675295
0.5684281960569921 0.9458377017525963
0.636390122861817 0.9683257392259412
0.5826700414408634 0.6955202081133722
0.07268390237733868 0.9816091105903417
0.3935189478423239 0.5484515046756069
0.706492625606119 0.9622895698831051
0.2743591278429802 0.7539905732018473
0.6190108163371424 0.18537286526088786
0.3225783356697015 0.5549805914916004
0.4406868270851855 0.9764115168686169
0.866551175599898 0.8276208489976599
0.5119650533764691 0.22044282398595894
0.7088686905873567 0.7073567925116304
0.7824321746375344 0.48777744584341437
0.7959940436482926 0.6861669193376457
0.9595667076206364 0.7586557569983674
0.9494540885238394 0.09899222266580676
0.04055916747364685 0.820775011045176
0.3015133564929262 0.9315968777516597
0.10325182986123471 0.6525639834173472
0.6707654474178982 0.19287341701116378
0.5210584923151886 0.091162700336121
0.50261897039844 0.5682284239230039
0.8599276160272118 0.5406953388119341
0.9114790589241832 0.2938772640062825
0.5706228229551686 0.24919234320417666
0.4511847216829813 0.7887192759708015
0.5085323964494851 0.44512198133971864
0.031162488889407147 0.8742019728007462
0.16399919187254441 0.8746032249656583
0.9858933108555502 0.6383676639416744
0.9883785955922326 0.21737834278574425
0.2962040484760469 0.21686095336657224
0.7413178778501652 0.1202546832769597
0.06995818087143613 0.528656884264472
0.12655515631933828 0.8840279191849357
0.1312476502993778 0.19638761487134382
0.7898940500552988 0.005762380757190377
0.8904258587663161 0.7239314321692341
0.5513712949777229 0.7804494905556627
0.46837390902228193 0.7248176923581318
0.01726519887772382 0.2635455431676388
0.8471190026220041 0.9898320089301111
0.8291643397367705 0.8857632402097542
0.6667278987734715 0.3360332570743758
0.9817107460263288 0.9512140043050189
0.1936746582647958 0.24668525359539195
0.09232403958754759 0.7347132508082415
0.8149979314560167 0.5556048285721721
0.012330986102001451 0.049027801257848946
0.011202006904661055 0.7339247409175057
0.23821493225448198 0.01732340779806879
0.41411456579841255 0.8670231257958124
0.3748395470086652 0.4107511204432303
0.3617486108041306 0.4741244853952504
0.3606409088562532 0.9736151180621427
0.12600989631034837 0.06321474443710906
0.44793008416965396 0.14505042394575957
0.1381814841257677 0.23420503626723826
0.780626808314822 0.9704738017750856
0.4407192467599303 0.8411718671987437
0.8338006597709611 0.9135227685289464
0.2517509674995331 0.3367654545153054
0.0830262491564106 0.812170198813683
0.197029776138204 0.7584831077731122
0.8200101601505492 0.20624856452803653
0.7149250948728452 0.5062987042930407
0.10929366321033268 0.8563921655017421
0.5080844027927826 0.3889422973657101
0.7375489947195676 0.6229409969857544
0.019645837625413887 0.4498353055047979
0.3744976155410657 0.014052620473131383
0.854213472346802 0.25653832672078436
0.9812189712810693 0.8941098446904147
0.7223136920257025 0.048266073242517527
0.6574607434524223 0.8866736531345986
0.33589903430416634 0.756242779283211
0.8172318746116456 0.4641151273989773
0.20006795391081827 0.20099669929607616
0.7722964273373678 0.04825243096825527
0.939774261598909 0.5673166324727128
0.6133985113896933 0.8554598676983491
0.6733032002792105 0.3861710708413414
0.29431862490253247 0.7121307793411642
0.3059454877886116 0.16342993688627266
0.8912966189939191 0.4249469975124292
0.9305073935201216 0.3847889260741682
0.5524084280571957 0.688886750773477
0.22214058774655743 0.6844016098413526
0.2108447115096342 0.43654808979845294
0.7830397456570164 0.34132463886412545
0.47679923049353146 0.92651380016965
0.5418035305574948 0.30942874672914755
0.2665622128167875 0.013004988248464355
0.21790336041655456 0.484441657958736
0.06732302335631424 0.9092967880599804
0.6767955671947842 0.7753862438007292