0.9653849955680708 0.6174023141726643
0.4895917116697459 0.4185044168761856
0.35149523323197523 0.8824421380738987
0.22249909622361436 0.049107625103066044
0.7611069539841682 0.11834334642244904
0.6555463681253291 0.8196176579788148
0.12198340934494833 0.3327709813909641
0.2922424594793904 0.5332972676301145
0.1239400365153619 0.7632697884431865
0.8101703730628176 0.32947693727629246
0.4375812399581901 0.10062548016722483
0.834589108785948 0.9836489026298554
0.7374394206892433 0.5845857413516409
0.07973644308634942 0.5051548509172916
0.5912405550121359 0.7079235289545202
0.28189003076388475 0.3606394722921678
0.8477992822947944 0.8155071533711468
0.940094734840891 0.07236034728788948
0.0459404616238307 0.883766574623689
0.572815097727977 0.07624183815962138
0.4773513494761763 0.24169076069172796
0.5195174484287419 0.8211826606376136
0.4819384479492648 0.6247610122975936
0.5815377212738813 0.40466203364049624
0.03220395782928909 0.20233486465587175
0.9860741436321235 0.4265492832659494
0.5213287282552144 0.955246966739651
0.294667186653945 0.6544892057906012
0.2491397009338332 0.28110254131446955
0.8685195865864366 0.24894811276911627
0.2549927355730879 0.8777622598434953
0.3252897044516543 0.17909060210071837
0.6035615402816865 0.32267505283712106
0.09891934206675074 0.1424990597267437
0.9516927614801445 0.7951961233721188
0.5875243747996888 0.5209834478068182
0.1640580796983801 0.5975601892788855
0.8221473615429535 0.49156885708727344
0.886655346208852 0.956071877632835
0.6544233102355121 0.9402679785902308
0.665007539815844 0.17548918231404992
0.4517457400262587 0.7631219586498436
0.35856107460728237 0.4627405100831178
0.8355876862850585 0.6971123313560582
0.7085116414286035 0.01576276113057451
0.20706220153810811 0.4491964856796086
0.018303928212921927 0.09933107089045423
0.7598887949319473 0.8403037068446473
0.07940580657239449 0.6757864332176948
0.1651556515536633 0.9594440534143758
0.6509339939603547 0.3966990798359799
0.42145454413657635 0.9381922531000706
0.05055113655140425 0.42108817677078436
0.19800722360040335 0.7554526243216444
0.6854826672003785 0.7298749148071177
0.3476039340931512 0.04476586106087016
0.39074754951695884 0.26901756873507165
0.9263189752868537 0.39018603949523667
0.8824527363379697 0.14593838795948172
0.7142789131272003 0.26415181019810446
0.9804228246324052 0.2793266108105458
0.39139993093766756 0.694222258004187
0.9107399458940337 0.47916433642182066
0.4093872580479358 0.5594483474485037
0.16463216221720994 0.20531717099414548
0.08852939480847338 0.2817226158554205
0.6488901350819912 0.5808566092104333
0.2636323450239621 0.7824545659860005
0.0732401706428698 0.059642014598627724
0.4072064597808446 0.3861130841880259
0.24013832810836133 0.9449013102101701
0.7783661422161892 0.9416247861297188
0.9731732533511138 0.9537404683956582
0.49596181709869325 0.13648181807112453
0.831828250127729 0.6100949308217511
0.9010099622206869 0.039817086545022695
0.4651433961095731 0.29782881866395383
0.1284536396159176 0.840691154334281
0.9192813772854665 0.712215233083973
0.010520881394913972 0.7697191439519713
0.5316262156983278 0.669349249216973
0.7874392058603921 0.3609695835807133
0.9642134193798498 0.5299599979004241
0.40753228377549916 0.85583335104968
0.08311035584316012 0.9908227522616739
0.4770472276039428 0.47679641936241834
0.3474579296105099 0.7604023924204968
0.9642086896657059 0.1827636054658705
0.5560940927575103 0.22002574051104312
0.6745005485610663 0.478246460843047
0.8179826105713526 0.24951673290749088
0.28869979250710043 0.9613477710972942
0.951705913951628 0.8704243181782456
0.7658730828876243 0.6434922599274573
0.8104659671471888 0.0530673414549252
0.184901042236722 0.6621518039863874
0.6347822968466008 0.07506699570551789
0.018529642871625673 0.3001566659959764
0.2698057971408972 0.11041718359482128
0.5794424210414266 0.621585782449335
0.0101651841823297 0.5800922629435603
0.2105289004165225 0.10299276995678658
0.5373995187955176 0.875424737249047
0.3463289797204376 0.5869273983614324
0.12766874511167386 0.4256756728792883
0.6892708846969413 0.6453811196228678
0.4279681038213097 0.18124242094293586
0.621440047033613 0.8142682429058263
0.4751339578803189 0.024812507849891807
0.1897453441670966 0.5878942282708078
0.7413026165673289 0.477235743190734
0.21213071821175727 0.3486227356759368
0.7629193147292115 0.798817856222312
0.2691649015490678 0.412175866985686
0.8631146099071186 0.897914605202479
0.68478731624803 0.3304139143160905
0.8691199034443451 0.36537161522564576
0.5245412781913159 0.2756292130378678
0.9209177393014292 0.6373259306664459
0.7738034990776927 0.1888173688671692
0.9532878376988221 0.7333375789916468
0.2683663446339068 0.7477848387137731
0.2718821510428616 0.04204751032116133
0.7115041922024106 0.8908991356687119
0.5080917170853596 0.7237334206903203
0.175472961900556 0.2860745076439648
0.28636767280395636 0.23393544575263514
0.5990285024897968 0.016487747686734666
0.0428524717956596 0.6835155884034807
0.14270816971662575 0.49883127818270684
0.34004738123986084 0.36810871163469466
0.6553523162202434 0.23443512345119916
0.8402636273392385 0.1226815411257311
0.19186582632336485 0.8397485270703167
0.7884980454944326 0.755228443996923
0.5521250812645487 0.13520331044911088
0.008745046992099326 0.48612791889627577
0.16416428216297424 0.013498165384816407
0.036251257511427604 0.9534708556957927
0.8346251971070899 0.5224386582541348
0.548351622066975 0.9687206174390011
0.06445945885811938 0.8274614965533273
0.2311945842566458 0.16129125551149537
0.5123214186153386 0.016267249936745776
0.5963191459936646 0.9311056137996447
0.32887221895322916 0.31296995705206565
0.543305575402603 0.355845262742942
0.3907427107701564 0.1495598620517103
0.9671528563120133 0.11956521113917762
0.36238997358207403 0.9529677271443453
0.4799422532328901 0.8749269797042499
0.6341700846321949 0.7575123471084686
0.799897753111783 0.4326570887817057
0.09286742265723424 0.6093192095240842
0.5181966718660871 0.5851025265522996
0.7364340539723748 0.6957103333052904
0.7377800753755522 0.16420773081464746
0.3896426671158806 0.06812209812259484
0.7240254363071108 0.3822416670281039
0.14690205714197135 0.13853386076030622
0.1079283236056276 0.9422969894044546
0.043539303405849494 0.34362607237132936
0.12590887096536574 0.2353241750085998
0.1244369124078471 0.06451176771008038
0.01295816207190803 0.03688182253239436
0.9625306243473595 0.347098994686039
0.9017620608503363 0.7620053809116405
0.964482088738257 0.008739571638611554
0.8610603323705328 0.42719261808450815
0.6879917397053625 0.9848219144854524
0.44821803453795306 0.4523677923634852
0.7030516891503543 0.09519006993059204
0.46164779232656367 0.6644110857142493
0.55902923818575 0.5156049477632579
0.2559697804193492 0.6047159149128424
0.6303175527576012 0.5202122299651302
0.5494863380438417 0.46220548040724596
0.8512611495609733 0.16465831431456002
0.9196744917623474 0.5626350434094142
0.3625822956320447 0.11997509327916811
0.28726690404324995 0.505718293309557
0.5690535440843315 0.794918076080047
0.9888125835931749 0.6531407476703686
0.9336169297297665 0.2720773941809023
0.8553363755016811 0.07319824759600191
0.4204992632896525 0.49526252819407746
0.4831854184947981 0.9837272999286101
0.3360838359398585 0.8456404097325487
0.2503739522958943 0.23361222423204886
0.3378609350866616 0.6807430547879325
0.22237150769400527 0.5228571903561636
0.8704651435975875 0.8344825456245829
0.7363815347737175 0.06704166881488288
0.06928957464385316 0.3759743291530268
0.32035540925118255 0.4444826420787083
0.9064462079559217 0.20507959588070546
0.7784065176161625 0.5380384063093295
0.5939211584340582 0.1452439842656722
0.39883056699934805 0.6581553599675706
0.4653439923881887 0.35519068791575215
0.13479485085237403 0.6911153105663512
0.372251237546675 0.3432785041591069
0.012580710096942394 0.4254150694430634
0.3482769339994404 0.22344477370843868
0.37902542917863974 0.9806654430936353
0.5078170213948601 0.17764730932242773
0.38324496163458804 0.518278868085854
0.43899384250223805 0.5839157922906718
0.6289600778071246 0.22229304753646173
0.6884593499699212 0.4329641308463737
0.4574314989471778 0.8172715326301125
0.88720389261514 0.5714941944918374
0.6864172213829371 0.8432728379953052
0.05479510240859342 0.6105866349717919
0.246617028139402 0.682290174590324
0.6261505362070245 0.45461381781303467
0.813580640347924 0.8762033237812474
0.6337822423921815 0.8709328542339461
0.017326580449780027 0.8672482220146024
0.622668540860621 0.6813078116733015
0.9423645879656583 0.42368400496189484
0.8599835529311928 0.6339558251513977
0.1007313943101747 0.8140803742582574
0.9081426865662799 0.9841779415774182
0.5626044424682711 0.26707431870955567
0.24496170875696788 0.4657868482891882
0.980823106140838 0.49052175431777745
0.9286966751347174 0.30657345808382075
0.46764179290280344 0.5129208864723318
0.8426911677338521 0.7454003312587913
0.20003200289380818 0.9854693092853222
0.2825439372410656 0.14442706520245546
0.1981631304160804 0.9079656481375753
0.7792826794565957 0.27514654267053673
0.5867627333778149 0.8309340413059692
0.6092515865082977 0.5856028409242311
0.17918558545132973 0.3706946380212894
0.5089880430948205 0.07473341352164786
0.08207700129480844 0.22250340328915613
0.22997441437818683 0.8285690758147286
0.5818945088766247 0.17504605120742017
0.8126415109264951 0.08566216940026067
0.9357162072100969 0.1274170861152733
0.7257031876275305 0.5089988300147006
0.057836579412085865 0.48127643041030227
0.23340077651039765 0.9887817175666793
0.8460297633930468 0.4762462336841097
0.6790730246040061 0.2672956739894502
0.19345000103477672 0.4126287382391638
0.395470149939839 0.785378745920208
0.7205315820355908 0.20259977526739614
0.8471525080704883 0.3053305560530375
0.6842295284498018 0.037277896347406525
0.15644230508252593 0.8953013189385217
0.9852855011953316 0.07227034205836524
0.17309683575888957 0.7034507819207457
0.7269303412603346 0.8126057936663664
0.3941327296121609 0.014129236189026284
0.6358439815253458 0.11296038555060395
0.28613657934252434 0.5956740018212753
0.3927072121761442 0.7366627991430302
0.06877224125087372 0.7580360062995481
0.15034744091027802 0.5429858405147836
0.6864123925822022 0.5577822841558835
0.406884097040789 0.29797325690729204
0.12764114709311714 0.12074914283826127
0.740491921323384 0.7341142237373134
0.11089274943256822 0.015290102279105378
0.5958755713507008 0.3702154148152283
0.4401833270432383 0.8792249538245935
0.986665315667178 0.8251748731064488
0.3159324898194066 0.2875882465711245
0.010633176769776542 0.16059375784525998
0.17446269461453778 0.7897048562554421
0.7743050310920916 0.015201540056433427
0.7511343647639417 0.30530743183113374
0.6168970829329002 0.9883684895383453
0.7876640632719585 0.8980193273536065
0.12028095167935193 0.16602123056060997
0.3738396408348697 0.4065451329846954
0.3676741820301591 0.3014029214593227
0.8069590159147153 0.9268293531377261
0.3089701318580983 0.7142674835608546
0.5246515721717072 0.7427539922026184
0.10777495045093577 0.739092598091859
0.1320396318163249 0.47054210610151836
0.8736941383715677 0.6867376470352966
0.011420181934403806 0.6382991716545909
0.8592462537747847 0.014947479414198384
0.5620689962357956 0.7255010343439212
0.6223115163127648 0.6165444456356983
0.4743933977494349 0.9436124593462591
0.32885760595610203 0.4107035630099981
0.4269885097226498 0.714830010424996
0.3620323727829763 0.6272019173956986
0.8431341402458522 0.9326699410602388
0.03612605633056798 0.9892780841592179
0.6186258696235647 0.29140915743031987
0.4331557667680852 0.6131060995724612
0.4392015712847513 0.1325406045167299
0.4978810089286104 0.7618271385429942
0.37893569220696127 0.18498412599106634
0.30645647720724745 0.09293645892210511
0.9761568894155117 0.7772875639788267
0.9272380253736912 0.8823636374306729
0.1807978149329042 0.4630352084180153
0.23914889764949887 0.018460521941914998
0.556338681778673 0.3084602082567992
0.7377346906840938 0.09827288858595151
0.11147271469089604 0.5562177280165935
0.730723463062331 0.9409939893399231
0.7666516114646889 0.40631192345368417
0.9048688219430691 0.4208564346211938
0.07493978247787958 0.1746750141067107
0.21721280580352675 0.6511686072211138
0.7389229037781018 0.6596960239313894
0.04898589040299911 0.01505394786118075
0.7680483787763365 0.9860764547817836
0.9559725765630116 0.9872291484348064
0.09697773146081895 0.4536817635296661
0.15994476458548534 0.10650661453827631
0.9349516825518978 0.8351587938578078
0.6692574008369656 0.01221060766648796
0.3310633289567433 0.25301355804666903
0.4593832493451295 0.22110276201199225
0.547200708392778 0.4111384454760765
0.9540478297621693 0.6664832422809098
0.03552138188564041 0.2513880102584892
0.41020770748201574 0.45625054084096106
0.8799501949706524 0.520794705070074
0.08816353917404945 0.9175541364538821
0.49637916390230186 0.5376114940368505
0.5005609034357114 0.3623444271357331
0.4722959247194519 0.7066453040222078
0.7566921178393862 0.6098413088656542
0.26918727294324984 0.3277003405826851
0.23948263266382375 0.7324497348384973
0.9114399642279096 0.08782681595558295
0.8167459541822173 0.3575497180025188
0.3154364077274632 0.5001605649695987
0.20461508804048933 0.23207091077824077
0.6846101810933181 0.14819750617962119
0.28561284874062753 0.9312670888068199
0.3389893146038827 0.9809859149467959
0.7907083226449808 0.24095600308981163
0.058275845152061634 0.538348549841804
0.9559881517525965 0.2489402843693162
0.4121095493767932 0.9807483390817548
0.20332659250030155 0.7207362245369946
0.44668427884509065 0.2552233299334033
0.29785333307204553 0.8025558277735358
0.664279765785979 0.5303361065029365
0.10860203434193133 0.08624176369067854
0.6431812995874338 0.9035870985156262
0.26251946240248214 0.8515639188776907
0.3291857240136605 0.12488267134827458
0.5718039895837757 0.900704781777798
0.2043827436930684 0.014787222503592712
0.9790231222945074 0.8833584446335978
0.6258902213768882 0.3816456136935279
0.6532310367855979 0.7204701560023361
0.5835565300573954 0.6676796435185439
0.7036088215826525 0.6890980346283896
0.30323305427479214 0.022364519111554904
0.12791941317511146 0.275894623890811
0.01489069685852068 0.39065664848895065
0.13981259723713457 0.39501925865998627
0.5884558449594846 0.4644891885166208
0.23594510660564483 0.35648178190975466
0.13069812817669701 0.6231385167614387
0.8163980870106885 0.8097327506245442
0.6563308619596135 0.3589189051596773
0.4798259495722922 0.5607434481034959
0.5438150630362586 0.6201328243016581
0.511304901725419 0.9064828157106233
0.6037757737648011 0.7451948938332079
0.38558346707265817 0.9029822676884492
0.05036996125002369 0.11407261799670732
0.8235411696807127 0.1582053027249808
0.0786440246915826 0.3093034972029384
0.1637734390208933 0.6284251548474674
0.6828731390341813 0.7665738746416773
0.4498409588419242 0.40764619964807125
0.43329868762373003 0.5264017522593014
0.9868091311030855 0.5981778002977189
0.7994132614167682 0.7046490006158213
0.6011747235969543 0.11311930040419549
0.19479539149421987 0.8786562481255622
0.06935221422702648 0.7263418612774439
0.23593901086215746 0.07190953675523964
0.3800778270900526 0.5646680841798236
0.7963627221609897 0.39036065338984943
0.29787994091748204 0.19815766331352042
0.03002152589768109 0.7390815426922662
0.08841613739721227 0.8459804092687064
0.6924703969599522 0.19976985646886497
0.8214892690542945 0.6587974091615422
0.8003069111324748 0.5505961158570761
0.9589139922849713 0.03225100323128033
0.705278410269983 0.4027438529174102
0.9831186919069748 0.3980945782526974
0.14777401302625398 0.8211141914192827
0.9599281600584473 0.47153313473651154
0.9680918279918735 0.5754928088833309
0.010688400381898833 0.9730297046300954
0.3612217928927981 0.8240281794001164
0.03551656730771402 0.04934854078068823
0.8025578539265175 0.9890015995450286
0.0906401822065449 0.9628326201833213
0.939373665190002 0.5268600543937322
0.7460434281512349 0.8719077550240899
0.7607197723442506 0.24743504031086566
0.6275906233279571 0.48377641393812865
0.424512722016831 0.3431295273186593
0.30674293747231784 0.862444729500571
0.9213141695624445 0.9202551749431667
0.9463022332220294 0.9345355511273075
0.8848528693891349 0.3048187946364458
0.5416127575034261 0.015334943903240972
0.8786354886794906 0.487826661963551
0.5153109918372497 0.30641796494196777
0.5558295332132449 0.5479178283576107
0.3034357019552256 0.6246930022323316
0.5838483048705739 0.23818138043977843
0.9100260841592848 0.5995339617142955
0.688444539289915 0.5836299011682675
0.3130202542019985 0.5722704601891111
0.8511970391926265 0.22444633289769667
0.3438112321744366 0.7310443822006027
0.01727555325253216 0.8051345831253859
0.44659466172900364 0.4829982812600968
0.9230762577183107 0.019120946323530508
0.9247462628416147 0.772039914592094
0.696478671223268 0.5077580959992227
0.6437147648163495 0.2629978657234752
0.1700978193910439 0.057138200182371035
0.23370445414242935 0.7646616061355549
0.18252826773526465 0.3401544584931667
0.14516791063429646 0.9812159275773037
0.793339423536141 0.5090813234399209
0.07919675079395266 0.7987218141125403
0.512393718138501 0.39061108361675023
0.25709114369481645 0.978587027097183
0.39765321059949593 0.10017672556939833
0.07231864337352151 0.3392335755666036
0.9815628268443833 0.7102165115389985
0.8780381051543368 0.9873315709707478
0.7540552979838078 0.3479544198659357
0.9350588955516793 0.18918659943964083
0.21863023874242388 0.20512339640971644
0.6468167691769173 0.9912421752919673
0.5383115705723507 0.07295221391648166
0.5205071688298213 0.9867575286482306
0.9093527886227216 0.33680607324061845
0.7033227719632409 0.8671671380778445
0.5750192719566862 0.043163219547834364
0.6046746499252693 0.4315509873408146
0.5287981881169668 0.15320907889180568
0.5178978456369481 0.1141072456959385
0.19202257457276328 0.17351598499054244
0.19650419339959557 0.6251713711758047
0.18609795382747013 0.9361978995305631
0.22212467138179992 0.2889243504638746
0.6350629803034409 0.013919963866489526
0.16634107895088596 0.4250553971494075
0.13183379460483174 0.20917051392796282
0.44955807192982133 0.7896115912632633
0.7213211687192648 0.31499952136153175
0.5191047309730529 0.21271026171561858
0.7279453730017115 0.8387921785432797
0.9253595072932673 0.23982810619629452
0.0986103028871394 0.3933261410271164
0.16169570277905154 0.7322125123030045
0.8438218930340404 0.0948550956755862
0.24385460483709742 0.5465103929885756
0.020678202321919803 0.5225238280110079
0.033695860801319644 0.48825234304335524
0.6768410024660718 0.9087911382676709
0.48359415286126967 0.8339174155563042
0.8207246572396928 0.19951687555611913
0.32596323068623906 0.9586995011625001
0.8257193193606989 0.5526261550917178
0.10641145447138867 0.8700127125125596
0.24265767024536372 0.9052025392740448
0.21893313666270242 0.4842942361107551
0.15128478858965916 0.30799854472089994
0.7386672989478948 0.7772940583472898
0.8804813716274431 0.6530092910072759
0.8501008887980377 0.7807823319482112
0.5306619170498504 0.773882383978719
0.4641507982623905 0.05952879096091468
0.9880469048408728 0.3068837125861308
0.8934634743670288 0.8125536709748307
0.35565542044828324 0.529034438004224
0.13235727159381044 0.7278197358960986
0.27354687337687145 0.1739454167139841
0.3429026271117556 0.9334561734902247
0.3571898458711845 0.15263671756436914
0.36784501855383767 0.25120166681646994
0.28628365014486035 0.07430027515992776
0.8830374856406962 0.8544191543631099
0.21896357166064845 0.26250152794624737
0.8964746025698997 0.17472498033309936
0.424595701260565 0.06976478023385319
0.017210280887139995 0.7161438419219704
0.31221146105444747 0.3875454365247325
0.7755296656253587 0.059586440803385654
0.06263875320316759 0.9316611887033917
0.5751804104529398 0.962824080705676
0.8680614412195078 0.6053750611520954
0.15387278104888108 0.6685756512783704
0.479744745724401 0.16048077525083465
0.37550248745350645 0.5950203460721775
0.8101899652682453 0.7294655850480501
0.666481319730261 0.867966516775958
0.8340883148279065 0.3777508301450658
0.7938571863152206 0.7922305687673921
0.021709357996421375 0.22710272665253145
0.8347037694154396 0.8364806371874745
0.986078862209222 0.8557199247195091
0.509020425957929 0.619684155334135
0.5832885591697223 0.9874527064768603
0.27009622884781653 0.8205369075133608
0.5551297084984542 0.8270746702402298
0.4841359917673996 0.7327996570554383
0.3088618715211292 0.050318629997900155
0.5800766516233687 0.34077688449448706
0.38222731085802764 0.438723628063053
0.819044231923274 0.2847588061484776
0.2798297341536514 0.683879053023389
0.7773944652199014 0.5834172044437851
0.6105286230772651 0.5467427978831778
0.44276597617247465 0.9109835681232543
0.4255193486391238 0.678603898367623
0.8419845183492368 0.3417925081234142
0.015563889487064664 0.9315534753874806
0.36554999879602074 0.85674348391299
0.3366880247752324 0.07920079619364906
0.3754567041524244 0.9238683725119529
0.9836645786768654 0.7444965626987167
0.9353023984764545 0.6861402643718897
0.6168124374595552 0.7841403542388132
0.2844988096913843 0.2985859227004297
0.6241203753177509 0.7173151347552804
0.6826742581253689 0.8040013235113941
0.3178493993443197 0.21562459946689017
0.6293952168698635 0.9683955294888333
0.6832459984509177 0.39503219521677113
0.5198271395301578 0.4297819113991979
0.9387570700455066 0.9686460793456529
0.6099450864917184 0.8408766587651275
0.07176084875250366 0.5753094738079265
0.1731124684799651 0.5260129050650703
0.6787492011713498 0.9386365914034835
0.2241037382567192 0.42552691829221434
0.7717258877174487 0.4748504326541182
0.48342122588917413 0.4505677812105871
0.26490552788433813 0.2635158631861655
0.2399377942777789 0.4001210423199914
0.6149570163981694 0.17071178122665565
0.11859248351516466 0.9789869934221859
0.9862941162745007 0.9808497874077924
0.47718662280982865 0.6801293728074395
0.7401492405183723 0.6307083766244058
0.10464666263451577 0.6330061738200561
0.6433827716567138 0.6574047397163055
0.9598471393695418 0.0958824747899169
0.5343487682142708 0.5039745942154124
0.9534576361246802 0.15688628885366457
0.5234792241151535 0.8466862809927325
0.06559841978517322 0.13995903172999424
0.25309350023757493 0.20109548326120635
0.8956216407584422 0.9127431769987235
0.3134214809091285 0.7488481137313954
0.7298650164620457 0.42162325353675467
0.04986744750434985 0.6491642474523236
0.4105770062677082 0.5943500139499664
0.8024152004620863 0.845127576533745
0.4902937788199983 0.28240807868413587
0.7078365633377108 0.6114384079689033
0.6497250666352876 0.7850232715502166
0.1776202929637581 0.2575768500196462
0.051088167991632016 0.8043529462420395
0.22285749046742875 0.1341975536441659
0.9250098035488608 0.45311939733949347
0.5740215905239453 0.12449838765057264
0.5435252737009528 0.19614789304712643
0.36821553171522625 0.6598964988027056
0.76406961165241 0.14879386850917686
0.8338766011045438 0.4323549561737169
0.7616577383097749 0.6809416801140641
0.035772815979603356 0.45418428548062756
0.8556739445905925 0.281829024116228
0.5586664473951546 0.936648161074365
0.8982451304748218 0.6657189320332855
0.15374211653994446 0.17336216303671587
0.43953007972477653 0.29072218152060136
0.4528679606072936 0.964640935958565
0.5319008727349883 0.3313435054087096
0.9619798955215546 0.842784112972371
0.7089164607155544 0.9225233201635923
0.6494533464925256 0.048546398925763345
0.8689734077440139 0.4583709293290007
0.5387373450089139 0.7040817540198072
0.612369797900878 0.046340966001250816
0.983868160684434 0.9219516715938199
0.5188989201797213 0.46884112715134363
0.19406613690804791 0.8126849840857374
0.1218955047979689 0.36708979759998517
0.3251412088563518 0.529959039694617
0.6497331436771208 0.3211182818548318
0.742198158909603 0.2779364705162971
0.3296939736826213 0.011417086725389991
0.728504113386784 0.9885124076118965
0.3661644527785485 0.797157132559772
0.8940662882480986 0.5052868018819507
0.3949992047394325 0.8247594422872935
0.2790735215110858 0.8916874374250106
0.851664010851504 0.5777130492328931
0.36789863130076017 0.07981787041803573
0.3723642360427356 0.7648020965571829
0.6068573044280445 0.2098457129743876
0.7201180641192004 0.556524591580785
0.15117142498442077 0.34085049473603946
0.7793633249344002 0.4532459461755237
0.13214380741279197 0.7956680027610528
0.9359813716863329 0.3618426248287066
0.09523471645124076 0.420701079680985
0.05110085179394047 0.310683713444488
0.9792627796150108 0.14311196793520842
0.13706113051756147 0.9465219856821188
0.7268023015823857 0.23595985472579972
0.6801442265954798 0.06672989754000569
0.9902032699492872 0.028364064391076194
0.9043107677328294 0.26724229966811386
0.07678545264799408 0.2553971564374534
0.4132361554194811 0.15099206536206256
0.24133962438377632 0.5891559515500236
0.4030166524272592 0.21154043120240135
0.7206046685996778 0.35533945850310567
0.5296855462386341 0.5326533272946745
0.20997550584433178 0.6896896236004926
0.5981339936163745 0.8690284954823394
0.8966696743914857 0.8737107757947487
0.7085285067030489 0.7832748751907019
0.27559553899472 0.5707000400260661
0.7149078092968264 0.45156844088164694
0.6082665733574381 0.6436137566560287
0.22302633406935157 0.8648546276846121
0.5685253900028417 0.43597746753118266
0.8793878333226215 0.09408416304035394
0.4840990996856863 0.31256668344826266
0.06543971751058342 0.9681863815979768
0.136667390584844 0.8692776826986267
0.2812533926647214 0.718308638221415
0.455274126778511 0.01370654243606595
0.07506954599178584 0.023455881468198325
0.3545997222149146 0.1946498148737354
0.04402288478316296 0.07875664691822987
0.2517281155977726 0.6285824340126365
0.45508187851617404 0.6355033221182652
0.010484131135401253 0.06828282012968118
0.534954243807414 0.3767205114946676
0.275943255120082 0.013579643967100263
0.7697280955670827 0.7232922103697527
0.4470793016591824 0.9862113038379238
0.7750959296283796 0.09461071645486235
0.329676408699053 0.8187894768481031
0.8862547605921222 0.44461272794514217
0.3881784977444888 0.4784002678119214
0.7576673093922756 0.5071687100234988
0.23921004430405413 0.8005704938757612
0.7707874320097454 0.33068851740039884
0.559189784195527 0.1730854667553665
0.832500282384159 0.8978967457644458
0.6583150436202623 0.7516351212728094
0.4612835589209118 0.5924358130051959
0.770036001860491 0.3814549136529336
0.10480337549185559 0.7046513782298854
0.19142210160480733 0.12063132152207034
0.8022995692061444 0.1247268496617826
0.7158282820137751 0.7184366002705171
0.19618923797056748 0.9554010047308029
0.6739773419299765 0.12204540109429046
0.28935380682192036 0.3930025597518335
0.034104902093367195 0.13828616841873204
0.7009726013975517 0.47998963382974386
0.24060599630681195 0.31350614434599977
0.6380516919956996 0.18914943578278243
0.8948818576001452 0.39261071337565134
0.3200557008227978 0.469877918590916
0.7162710220380915 0.7523504741396545
0.2589078412543763 0.5188177243050559
0.5831389442689834 0.7688780846802049
0.6375653486846398 0.42811020199215927
0.8485712180815205 0.9594357990483118
0.9541796795771841 0.449097374448348
0.3967376271966687 0.33055646443711384
0.009867521975500282 0.12969515504451712
0.7946951386635557 0.6138643350459145
0.8044731766362807 0.9546973023706593
0.25652055034718335 0.3706034412548511
0.3043017222417538 0.34543182618894436
0.34635880726531765 0.2723808055653127
0.8651646953878853 0.32793938984091753
0.2560265695231488 0.4330492424438967
0.950851264211569 0.21500966101080626
0.5925988470436434 0.8062763978036781
0.8742960832106725 0.04134372542703674
0.6604733743985577 0.6340744701694949
0.8168306243927482 0.7619962644461722
0.015302868919838064 0.34005530024621244
0.28668357431764735 0.4791417103538005
0.39043089268713094 0.8788541398448589
0.40618659437251065 0.6333597211269214
0.5331173429454613 0.6389220471163699
0.4221500431285029 0.0208932195576359
0.6552730558071533 0.45456467997186584
0.8894877148272702 0.014268916609096571
0.8773307140675095 0.21874069505142119
0.4249130424580324 0.7986481000073111
0.10676125402215292 0.30541312951142097
0.04018612335488275 0.9088878945948777
0.628041000543428 0.9301843202654757
0.14531526942966883 0.44851052030162647
0.1284366802835898 0.5242286456942317
0.9219619885911848 0.7985032984842115
0.9165011796116322 0.9500574456844615
0.33284261521074865 0.6555399502833397
0.6666475516618888 0.42468364737895714
0.48112025938304614 0.08897319859581132
0.504302498755284 0.6613605429029915
0.6692158992755142 0.6028661081019279
0.963616168436255 0.05659806104448134
0.6784947453139952 0.6952866661098469
0.3180740287538879 0.9845215504644318
0.27337431999089745 0.6357385665473925
0.8373615369306416 0.26043851817883784
0.020189911952219475 0.5510483901344391
0.45209410547969775 0.8512179696099438
0.2891989754897647 0.4455737984267538
0.11020094125240254 0.19488501879084652
0.6433383422514578 0.8432645771208858
0.17171416914629406 0.9880063071904498
0.34509208994443563 0.3353704713262953
0.20878850298363288 0.31488575554038234
0.052941650224414605 0.23173634816420802
0.3148827971725433 0.889528988064514
0.9206797714219204 0.15412544141710355
0.9880689890913877 0.5535562144753762
0.9881389524734394 0.4643745485576672
0.4691208485204795 0.11875000394014457
0.8609377963080846 0.7157817480034281
0.845578882178248 0.40218963627734106
0.7410716385715702 0.5357799309380453
0.1750968645389408 0.08486030907979808
0.07422787666596975 0.6404683466958506
0.07900356308425982 0.8841388884748768
0.018180929465405782 0.6106558010372796
0.020770746881449975 0.009618822685105388
0.984058279021691 0.6836421810511463
0.5062803529567023 0.8779976810551611
0.39323356629149364 0.3625850557706193
0.1993767767597342 0.0721153532602235
0.7876814779775876 0.03339655557015386
0.45037260792229905 0.3275721059241288
0.8755335485028097 0.40543172901275804
0.6063319632743758 0.2576083580558678
0.04723346905732917 0.5102956316710752
0.8868600177718688 0.7810889402109105
0.9074159582569064 0.06018864768767718
0.12070044806876207 0.0333009724162569
0.9889610582699284 0.5166731015866772
0.9634233406483335 0.6445589589384989
0.5476618531540657 0.5841671612728658
0.8430125864503286 0.04270950433403037
0.7042708221359679 0.5316072289908861
0.20972279827560036 0.7902115960368055
0.7085660397593383 0.04824645792443982
0.12617359806110479 0.8915924450780045
0.5609885380903052 0.48826926884197197
0.6861532815097755 0.2309582201356492
0.7945182104941837 0.6787098811479935
0.48193569968138633 0.9062020759284826
0.0315265655647996 0.6584267970560689
0.16674341805698462 0.48752506068423745
0.3499417057623263 0.43463687529807726
0.3412953225047871 0.5597261490408391
0.6489372227773735 0.5490731917153847
0.5867184887210761 0.3009577200283108
0.4959860868337307 0.20596278168136128
0.592280044550901 0.4940090199064656
0.2658742095985932 0.06916147017342905
0.14340895782679414 0.04538031496786449
0.013932236820414168 0.2654009558584457
0.30688425045096235 0.8330316714073691
0.3072196306529328 0.6793273629870444
0.1571107302249461 0.2374832629755193
0.8669161341834141 0.1135524401249221
0.620555081820695 0.13502426393739503
0.9075856087488947 0.8380765179946462
0.13542226124648749 0.5750319945648883
0.693758255525481 0.2978394786445847
0.9576884202031117 0.7580996839864451
0.8150323327932243 0.015986237933641234
0.07326901931866892 0.4684777527212389
0.9061681364331224 0.294323228076835
0.6533451129913356 0.5019818415999966
0.297947471013414 0.11665464227584399
0.3929758555266291 0.9537066896115493
0.7911907463028276 0.6458778075558469
0.07204996773564132 0.09544479596218647
0.05155115137366423 0.8557595089029422
0.3200112375073901 0.6033187966879267
0.8640495638092026 0.19445443557222364
0.2941501313478927 0.2672954229840873
0.4522241484946908 0.5505806435047458
0.8974503947933281 0.11998015083760838
0.24160230394929977 0.1096462240358193
0.8623792853879046 0.5437040670634409
0.950773500709792 0.498582858113503
0.9538712345818592 0.9048349406352163
0.4946062939264516 0.9380934671632124
0.009327105885725828 0.6878907452388447
0.012284032745701778 0.4556516823872123
0.21906844077633836 0.9348729884041744
0.4176828209632869 0.7568857243334789
0.43646134342647147 0.4307773322930586
0.7779847673031368 0.8736019598849072
0.7435731057627535 0.043733013309361524
0.6240445290798308 0.34508370526050447
0.7165427834695334 0.1304093918231432
0.47871728656647033 0.7894381131458387
0.16422736140600142 0.851409452814333
0.8928359841096556 0.7233461098296815
0.8510748177176855 0.6653398246660791
0.03629945754249442 0.7747747051436038
0.11788051958912171 0.5055121347910987
0.06263200219035081 0.4010973733421924
0.31291133910560504 0.9341857387687045
0.29234464598889587 0.7716807481899838
0.981547599494685 0.20874427447799332
0.3456859684492673 0.3976231323671403
0.898069304221911 0.23378066946440573
0.19791154731619254 0.5470285809316029
0.43387834992091656 0.22558128562798496
0.7522640952032814 0.9054904740420314
0.3898070802641901 0.041295572748369924
0.3378267422033344 0.7029967611153941
0.5046419814561204 0.4966245590406916
0.5819142448402495 0.204207553134293
0.01182437517188839 0.8945570845446591
0.008196293459965254 0.19929819805402427
0.16279639261764156 0.7642939737536469
0.24313698557326485 0.7052884915167301
0.4368137387765431 0.380363236863167
0.22642852686025333 0.6215173205291871
0.7839640496986089 0.8207524255048322
0.3041550162655497 0.41942091927732367
0.05320604425672654 0.7037733241375594
0.6056572004539664 0.08745578792287234
0.41023857290279553 0.5221747562886119
0.9311818143069963 0.09942904581241735
0.205179882107357 0.3821499093112914
0.336065523450365 0.9062618333920931
0.11051627643292156 0.7892895924578462
0.5101799216745498 0.792635326124382
0.9906562445953672 0.10124281008176811
0.10696492026154458 0.6659779495240861
0.42595727255213334 0.832530037091803
0.9879902203820607 0.7938108685077159
0.904572090754107 0.6936045284908341
0.7787729802955285 0.21559751364230373
0.4668864238841254 0.1923469283904608
0.08880018057812694 0.5384879064847845
0.10124561506898916 0.11550432609953831
0.9845683893592958 0.25361367265640644
0.37863017789847314 0.22062721263006851
0.3655144724445106 0.7039662448389175
0.41817047473812075 0.2640413032148942
0.26075043274426457 0.1481164637925776
0.8773752829662562 0.7478555590165892
0.9173397534921831 0.7455916818519177
0.8307206222671562 0.4571624875452994
0.9044647655696072 0.5321240523731603
0.8984156318936927 0.6308078281611131
0.02687093267669083 0.8355945189555669
0.4744373062861563 0.3909402355387697
0.9040016877880057 0.3664793351876009
0.7910625695525857 0.16582793408103458
0.6658446183933963 0.09372991661198166
0.6616644268687352 0.9672287301224132
0.5035370810683522 0.04421678949597302
0.7461153090493722 0.2086305067235606
0.8079463591665141 0.21881464396438205
0.4519021811286339 0.737573845974401
0.04695847073041992 0.2744836434007082
0.663772215224754 0.20665865153608076
0.033940664140204135 0.38432412817910094
0.04415679177155757 0.16792426495685808
0.9380779167493152 0.3316985483430126
0.6067893596776373 0.902977961452176
0.09749103210583138 0.050796375059119436
0.5328179606816834 0.24085055972173636
0.40743135540281555 0.18231941717114958
0.2106592264214075 0.5753270015773873
0.35521103016662825 0.4947974849337706
0.8473881862161283 0.86598198446775
0.1033744597934218 0.47895363583114897
0.5536373338613091 0.10387770384015271
0.07370330856417284 0.44076094967711854
0.15603704049456402 0.9251151549140044
0.12089932095635408 0.920371859454832
0.06312132078765731 0.19907450530746934
0.3730975799876992 0.3789387569249874
0.7679225832189159 0.7669197109329098
0.32752967451929627 0.7854387308262551
0.5539835775543946 0.755054454420121
0.8531247225709893 0.5040555742676313
0.26177394150432254 0.9420076219187683
0.4035099904451662 0.23998989105622903
0.5016107518735403 0.9635443771823262
0.5587046358035419 0.6955124459988058
0.8231663558277262 0.6295285646685606
0.9867517329830946 0.17175027969322426
0.7561165002718331 0.5593060955614378
0.18211396575235517 0.03705701259840383
0.14568902316958887 0.08678728726277218
0.6537771327138076 0.29222979874785526
0.2540619459156257 0.4912294646931042
0.4175824079156484 0.8926975063087521
0.6095799071882291 0.5029940501122325
0.25098276707486616 0.6582630074906246
0.28257604725768437 0.984666988361178
0.09314860790823837 0.3529337588654604
0.4148883221987946 0.41724169810452955
0.7806987963781452 0.42095918463883064
0.5199486418942163 0.9285424099270921
0.35651897432051705 0.9879930523398311
0.9546182405635275 0.3031944801773314
0.3653262008254284 0.015328518612796216
0.703951199994763 0.1696645396545568
0.8694322058587023 0.9296946826861274
0.6471332759179133 0.14788904225511829
0.5215635665693855 0.5629898837151243
0.9816860654865822 0.3666612514457367
0.49988117216862926 0.3317058667332919
0.16441807565929517 0.5711100581297442
0.1097147231092897 0.2542870108725084
0.5053226021074348 0.2498252653547518
0.22412883256331 0.9657507055185848
0.040563434161277834 0.5815696308658531
0.5840604314587966 0.5654809953998173
0.7936899801144272 0.3034959046120485
0.7515087533447868 0.4444413683601288
0.1739676351228847 0.14441252724071685
0.4471830267529222 0.16442157955102787
0.7111063522384383 0.6656283595482564
0.812804170822532 0.5821429917331542
0.5361210370727968 0.903409354064094
0.7369991654531693 0.012112705105109145
0.9503252409376863 0.7062995434441885
0.5401165948960074 0.7967584503399946
0.19049636517483376 0.20623867371325122
0.13797414327263846 0.015308660922205508
0.11093390902126299 0.5885093195914166
0.9212683649834565 0.5082627453474701
0.9405432707180585 0.6039824608909576
0.5695243047478489 0.3726620440069319
0.6159752232550936 0.4065594964800093
0.9342921738589782 0.654574824999259
0.8754480446566248 0.2752824426909739
0.5686943760038182 0.8575969149499711
0.9471152108978831 0.5692018424541582
0.8015726888720651 0.46198990610817975
0.5130046243394942 0.6950821047845388
0.567462894758543 0.016081637036323704
0.9565948971873195 0.3915955215568395
0.7538776312355241 0.9551290025118295
0.17639245968900186 0.3084511282594933
0.8696918447121951 0.8063604395244786
0.8848750870559566 0.07212746318693819
0.6905496264694173 0.3672934589979801
0.5432374130084224 0.04260342963890701
0.49432111820789054 0.5874023077161721
0.7454387471907585 0.3901768114198076
0.5548399686895258 0.6635397858043679
0.09258581703873059 0.7662883137903966
0.4324547610254012 0.04559919194730083
0.9335170883798081 0.04594958080839101
0.3144784800250794 0.15208879184108742
0.15238894016501248 0.2713277534113272
0.9898547793709931 0.3367605335809237
0.8181431232578933 0.41026809965551825
0.19870173515380213 0.5016689894959588
0.6017170807634793 0.955622626481943
0.331913228855678 0.6265521314243948
0.4503701974034188 0.9321363884180918
0.699710781588632 0.9591260844383493
0.15206458599938077 0.36725364467355603