0.6491009741390806 0.8941184403330797
0.3685498766919418 0.2876866233461496
0.9528360605141594 0.3815842769162754
0.0903450400551648 0.5830004736733191
0.24941645778134072 0.7818207180498248
0.6674291081424892 0.4615257509416424
0.7754888323846243 0.019085435248846816
0.16634148008348615 0.17755899745425174
0.936431494454804 0.693250297084389
0.457133280985505 0.09203453644800375
0.449435991325821 0.6434672058482084
0.13318402736392504 0.920242640905522
0.6667120035160463 0.23484140052585434
0.3831574244320891 0.9544837673940771
0.9549749563730165 0.7868492794912824
0.6753538140060298 0.7143330678239284
0.32686886576659757 0.5061085390064669
0.1471966659683352 0.3431807772312432
0.9425292041349185 0.1681762768523421
0.5814944349107979 0.3506792388353853
0.8444849168044911 0.9848959872544097
0.7877919100569302 0.5034302245036395
0.06660127696434653 0.06402269182715703
0.24220021322186486 0.04403848498641899
0.017610688566267907 0.8076928088822257
0.485372661357731 0.48428623277692956
0.46970748206953405 0.7854422650313266
0.6415367876235256 0.07256252567437671
0.8043453964540077 0.7616326711482757
0.13741245095961957 0.5149838017727648
0.8909640732842143 0.5208702361811657
0.596879904539892 0.5732988932294767
0.8349808659769302 0.32221645289225403
0.11403497712582072 0.2716339157684967
0.35976286966623294 0.6695769685927658
0.21425243614526657 0.632649082441366
0.5080520376992275 0.9245198109783846
0.8276276982598179 0.18698831262540816
0.24976876180655733 0.353226759881375
0.5203460661085515 0.18100227067783287
0.0637921936939495 0.6678652435495755
0.6943067955345407 0.6214467669296694
0.9432696527773632 0.018949552708394712
0.7667928365813262 0.8946210510151145
0.03056904359740742 0.4321389381873004
0.3519834289413425 0.8910846619823236
0.975424444706456 0.9303154557175577
0.019417080526784813 0.9506108165065343
0.7637119678995508 0.3955012102859198
0.43059097564167625 0.36877840640574044
0.3416500503926475 0.10586928418250119
0.578124297954294 0.7311079156624276
0.24468915688857984 0.9875574561592222
0.7947737685945131 0.7101701614053294
0.26161164525202696 0.17618449592215807
0.013242011392645525 0.17623297047202824
0.7593546553272512 0.08967196265284427
0.9084570649615616 0.21905676523335338
0.5110613483594383 0.02207506099355483
0.3087749742588106 0.8265487684873198
0.5491801705884047 0.4139529300119879
0.9158830819053034 0.6380095193220295
0.7413743248506492 0.826389344730035
0.12666905623510738 0.7725651162782861
0.6275823350225305 0.9776840658285553
0.6577308138363994 0.34224072992310445
0.22028727961751637 0.8531791062785415
0.8265592054386142 0.8877918460657895
0.5432469832131295 0.2621751096352509
0.37661317264504657 0.21676647360628915
0.4567520475748789 0.5384466659181626
0.12933268146860166 0.025710684783950388
0.5377238862550779 0.6315390444245692
0.2648263224752165 0.494639483644653
0.03123806152195374 0.3007698772997913
0.8684998616920685 0.0969268250687566
0.4303072172174428 0.2538637903030623
0.8922250247236556 0.4050609939196992
0.03906095692930023 0.5311497531521449
0.23154818984441466 0.25859160634864453
0.39543195707163303 0.45804390744409323
0.6250064138217946 0.10542042961478365
0.8151591447006006 0.5587085085470321
0.1698836290399901 0.4154877327194888
0.42687949709963613 0.8701049704696686
0.9239986035027443 0.9540341466448137
0.447415968095081 0.7103261984238469
0.9429940010019342 0.568161710301864
0.4217539358326356 0.02163410331548432
0.53720048335739 0.842670699073455
0.7153664357765803 0.5451918511951984
0.5652301505638685 0.5047852039818913
0.9622748443603664 0.23649247180226118
0.7763531939206691 0.9854251727584165
0.19445406575206742 0.0936969979167252
0.7452127635518562 0.31822554799349423
0.12811949731953465 0.6457268905575472
0.31691681414268835 0.5583195024257696
0.3417562423513185 0.7675040926092598
0.988674578357492 0.4760519332577908
0.32459213346862614 0.012878440140202008
0.5003593349386134 0.09205181149976244
0.6788252401832205 0.9757586399326561
0.7630907531984037 0.1824352894885654
0.5754196848154975 0.19287664124325204
0.9053764033596359 0.3346772741065408
0.8713123117859303 0.8279810809934354
0.32426603978251217 0.38507902855814696
0.10465621355183302 0.9889562674139107
0.41214728710460014 0.6074303994223539
0.6470222897953124 0.7774637069903194
0.7064110978243865 0.07271234348975397
0.04686215741368471 0.36423124071155133
0.10478621447639808 0.8322416675503461
0.7699353153542654 0.6503409115942053
0.6261855069883613 0.6393504981989421
0.15502611560376245 0.7184672293228337
0.7368207558593539 0.2812330803618589
0.2811569584148413 0.6960525038287549
0.3922921830947421 0.7896744087140681
0.9875774471225729 0.08494350154888752
0.46412209267576154 0.37837908500831346
0.45289309985737436 0.9491606749786897
0.1048925918183557 0.12373583205327571
0.06086882883635614 0.8474951939281969
0.6751746284428705 0.15567541727590511
0.9018486132964922 0.748472776076528
0.936413790548849 0.8579922255938777
0.10805514224161322 0.18246639642734874
0.6271885996037476 0.24752597032405343
0.5408475351978413 0.9425619932171322
0.04820253705049604 0.7324994651029118
0.3038088151400035 0.4474381275343765
0.23803306378001882 0.4625133993491825
0.25643036012270415 0.9341520578063887
0.27344056444332043 0.2944937416944259
0.5649496639253436 0.018085468705815455
0.8414569174013203 0.2610972728376417
0.8636816158481377 0.6752483956645061
0.21291277252422053 0.5780983942126423
0.049534047014619775 0.5979773299192165
0.5501582408634895 0.131342542300876
0.8305867058699088 0.022301551639508532
0.03354426276833128 0.217598363691894
0.41760722764284763 0.15777141209042844
0.2983971286382439 0.614354949129575
0.5129903231832325 0.6892520468834431
0.5923545372780805 0.45047760235890005
0.11108161944713763 0.43331101957292256
0.6060333688693206 0.8223583000045371
0.6733492848943148 0.3931585527186908
0.24187452223338518 0.08509447195562803
0.425829369319537 0.32347761936719105
0.46974686528225956 0.5997470735591743
0.41939731515310874 0.4861313645208722
0.6844733706329797 0.017591830005333264
0.01054219486796043 0.04438561978926209
0.9883930336509519 0.6947555105913542
0.9816695824725676 0.32287367100549813
0.39143597358977766 0.03607958353301394
0.10379593583335045 0.4838108605011811
0.31392625700656224 0.22655981932387398
0.6921658973218274 0.8524719144839108
0.6205099076359432 0.9134351083908399
0.6559122078905439 0.5720550012606913
0.19365144011485985 0.9514824762841017
0.8011224779419168 0.4551113677493085
0.1798090714962478 0.34154531694525914
0.7041248441862975 0.7749617790825378
0.7389957255046062 0.4582138814172707
0.17914954893189872 0.6923885735736742
0.7057604558589792 0.3770636833119486
0.9160906406886065 0.08270732261671687
0.7889197580363614 0.8197387576899682
0.48840355845213834 0.2832278871296427
0.03791917653584975 0.10385105269117328
0.21554685873863527 0.7619353766389567
0.5432759722572439 0.5829938559915515
0.33334015694614794 0.9790249268518819
0.36036029210856857 0.542237746284157
0.3446526123881325 0.34945186996718836
0.03956681298700904 0.8919636266609086
0.17546392938087818 0.25224664825564014
0.5364980374464481 0.7875554741509104
0.42805997413076646 0.4484269679302731
0.8197794286399205 0.9298323566827167
0.6194726285136924 0.5121155873627118
0.8101591824590917 0.6474841563613324
0.9466215703446662 0.4633934167475185
0.4849868400682849 0.8531967817622508
0.327380972219258 0.15291628168234422
0.01364205489382292 0.7278741763567728
0.83647057847917 0.11829249420904936
0.8950003002302127 0.9416749926154913
0.3669178956090565 0.8273363793999453
0.9406974379933974 0.5338963698184739
0.9811222227357124 0.6575443916187679
0.21648323078822085 0.026055547470779095
0.3862674041829624 0.39563766965108105
0.871845851930275 0.38167148562728387
0.282284668202134 0.10666311816021457
0.413648150482702 0.6964069095435018
0.5074053533822156 0.34138205633576735
0.17362286404057048 0.8830179287329831
0.5871862097170644 0.8975963901100896
0.8845537150244105 0.1599734260977515
0.4825201852372257 0.9790291388432492
0.8987105370933528 0.2839386573543564
0.8052493296175917 0.347273920532506
0.23743283983438646 0.8683019435049124
0.6095595869847841 0.37808511125626204
0.48082044580795513 0.22044131514773035
0.893631425464344 0.7015073956023635
0.1707060664692065 0.5964121459287823
0.17242906174103284 0.8207783542164239
0.9709898625329796 0.5655922831853994
0.7261415584188691 0.9368259523709421
0.1960410901637994 0.520055311575981
0.5735137196283551 0.7002452210571557
0.6793223123771028 0.9227754815411654
0.9906761316051504 0.8510049784561409
0.0731290940970224 0.2753623799345769
0.22976499099337522 0.17820801702911365
0.6057268613165705 0.16746969288479963
0.03480731818736954 0.013201933925828635
0.9655374922687248 0.19014414237985644
0.07437112386402206 0.34066592307283894
0.4171781973886726 0.10472961011553233
0.8143904644559232 0.5922319000145768
0.7841572859504218 0.24373185387373303
0.10957815017063671 0.536287014877171
0.36041964363668366 0.6013764003718367
0.7013714375493174 0.3010872682560167
0.056523940582926424 0.9607775715526365
0.4568587538837323 0.06106091395566032
0.34652402864860427 0.7090141659583529
0.8495519936065948 0.46925998359935966
0.1417949832842661 0.9479760519392045
0.7639673291733278 0.7226492631225436
0.27119405033030997 0.8728112704746771
0.0342641648131598 0.6629392039144306
0.7213040104027442 0.6781145219568994
0.8981671465057512 0.6154133499124201
0.6365572941126253 0.18294920191493835
0.7571925170748369 0.5554861137443449
0.2775069518085648 0.41205060905735114
0.48102737003297324 0.43010440099390623
0.46525233140210115 0.8796528707169167
0.2871870056829294 0.015551872054757165
0.8125243059650251 0.058799756112402735
0.18520575640062936 0.4582409987841422
0.9822283440444759 0.9621177306573518
0.7250808764701367 0.43211526607769163
0.8246147071178511 0.4067617853924122
0.1042162710727178 0.040944609121009334
0.18825778499769225 0.9877747353187729
0.8806983752523599 0.5612325782801361
0.3258307377616458 0.3186063578570859
0.02272796114824238 0.4984711229893082
0.7374909570976405 0.04767256196748432
0.6223497543834672 0.3167563858034397
0.8750715135256442 0.7974299285837547
0.10319429427070004 0.3985447692242431
0.5787534629479772 0.055919593915499166
0.538411192440336 0.8762855971807693
0.2675977677421055 0.7560166814487375
0.398067395628536 0.9343924349649484
0.6142194021547287 0.6078877980667037
0.9849103315818919 0.121220496603274
0.7026769871624712 0.18055155066147077
0.7880542697033808 0.30401082118359807
0.2813235789996875 0.2094101573804743
0.09098427301738371 0.9073142691529325
0.4172497714083314 0.9928536721389174
0.2697970995296619 0.6331907819750935
0.7555894226483172 0.14899518985034926
0.15951384176451966 0.11005926676881989
0.7671120732460454 0.7751228147745568
0.8564447553544206 0.8934256204688964
0.07072678602342936 0.7808021543181509
0.8644642552489055 0.7049937517795134
0.4712133565487292 0.5609155728236391
0.9764054524186019 0.7515301427833813
0.5543710695051228 0.4668988025783135
0.6232744454777128 0.01514744983907279
0.30129712689771176 0.9795083432296217
0.6138181360758204 0.6962151194148407
0.8710532166558742 0.9586176223274162
0.678478412559711 0.774106845154861
0.5054803021900721 0.7371381197657302
0.17357099759421557 0.7753114640714538
0.2692265249617855 0.5595628050183381
0.14061548517243644 0.41274863555072383
0.722239917715938 0.23203132547533484
0.05321167809208255 0.15927633119281243
0.5099008384995981 0.6107635029445657
0.9862625196394434 0.25125055937401
0.4003166941076651 0.5354867574776458
0.8540312830995356 0.015590713632057385
0.9525549022423754 0.4364204099238803
0.5504899771023032 0.22902189625618063
0.6902507922630885 0.13111445302784192
0.753107195906024 0.35670840069028936
0.12152615340659911 0.08428917219723586
0.2738801118830424 0.8118860605615146
0.8463559025636589 0.2164738885110986
0.6826771288624407 0.663250925703132
0.1285045667981261 0.7020493913291215
0.6494460266911195 0.520094460915184
0.8971068713718844 0.9801669604182295
0.8845160829370933 0.05677634935675485
0.45578968097733175 0.8060694935213706
0.9860110138138058 0.3852557523436572
0.20622099525451032 0.7179214450925064
0.3778420672832 0.24661424205110688
0.08950443827683408 0.243765743124842
0.10903789997784413 0.8735485610876037
0.46798865498326225 0.1926309721695652
0.738861899983441 0.8723674013919399
0.9717778111189712 0.033726098651191194
0.5556811109446318 0.5300357718230886
0.06880525876548388 0.631274324978093
0.06363903726259296 0.48320500661006693
0.7314248572122499 0.49596164851829827
0.32385760207988057 0.6939421480312988
0.24049655650968121 0.11311349262844406
0.12781828908167497 0.20533531063913163
0.16819444285199436 0.3053901419340098
0.05557077341202127 0.56082414378276
0.4738147516322179 0.1450914901652402
0.5681803748201375 0.6467478123985432
0.9300269120510867 0.2989761812274395
0.5502680760620577 0.9803804418590182
0.1630192198607912 0.027524419657849464
0.3567837933963116 0.4594592581146332
0.9627637716584522 0.614082064143024
0.3299982444017322 0.06096288744923928
0.1532306657104892 0.8557446499614139
0.5674103573448187 0.7967007670671342
0.31045277788573467 0.35237218850169927
0.01143673806944634 0.1246906564379262
0.32420679013234316 0.8614365496983991
0.13170190148870536 0.5861280556593083
0.19714804092955607 0.24767048513753892
0.43799438422596304 0.76824320023211
0.8362485890614157 0.7851373960212251
0.6542721492761331 0.8436860936454144
0.6651038305418555 0.2792479551992908
0.6768374211973297 0.057062740911187515
0.3324342250657868 0.26079820497013273
0.6269458992817369 0.7480035219076416
0.2321164158129147 0.8021881138676183
0.28984271322410005 0.8971075317510182
0.3430938050523665 0.9399252726025293
0.635155606292598 0.4542478683609216
0.30444826710530715 0.6386059089616701
0.364506865737749 0.8626494721365204
0.5867230471075996 0.24814878288851122
0.4694742606257077 0.2504247429888315
0.03982999937109061 0.8502029420277968
0.39244304145494635 0.6589928513665179
0.3024438005581735 0.798739675954512
0.1446748297787323 0.9907488563829852
0.5375643104816351 0.36509862863625087
0.5904293361516398 0.9595609989244565
0.37604862363084884 0.15373567841121305
0.4680619782388865 0.6605068258237492
0.8448213905681945 0.7597892213558912
0.07710212671547939 0.7444940895036618
0.5464499335999422 0.29987323212382566
0.9248592223418598 0.9275995378076922
0.5284744158699362 0.13167450724166596
0.8683695622560391 0.35661063394817766
0.7094726332799561 0.5903338075468005
0.4550763204646602 0.4624901887948441
0.2884487582436722 0.7201617935617856
0.5098490887512139 0.5087257704408357
0.3097141798552101 0.28496876874932164
0.9795265409831571 0.8174262821025372
0.3086618554879742 0.1845798895409143
0.19972088836655133 0.3986902314492647
0.4956036651529559 0.6739162469946945
0.008891751791675118 0.3856184091451027
0.250209816078786 0.2312634716154489
0.7903411898932207 0.20498619507749688
0.15608844660081495 0.6751137712491002
0.07545702137096588 0.03400433708747563
0.20450756205235077 0.3183769093666224
0.7859144207024977 0.08785886080401079
0.5000189572832419 0.38454534652832734
0.7873263171038791 0.6247458618874338
0.4067293088865781 0.570551656632202
0.9417039890569743 0.13524884285194816
0.3111041353488223 0.9479046134920402
0.3782688863629009 0.4815505443592619
0.9801352649243145 0.8803144894651462
0.9116292483760164 0.17789017315567457
0.6720797586978976 0.5966776815786968
0.08078581947414976 0.941354559912357
0.7980564998903208 0.3825173735669596
0.2876618265400688 0.3352973737495927
0.8379338646657053 0.8204916996977378
0.8966888915236555 0.8818476447233476
0.09261552462583333 0.29906849927477097
0.9887522994517821 0.540946661908401
0.23423306393018806 0.5359036769494271
0.45034345786355773 0.04107321717349466
0.22532608238489693 0.9023259838036415
0.33446001640205386 0.43166173056831314
0.03694945220041318 0.9857009736092157
0.09366013820136393 0.09635238533427315
0.4011742433173182 0.22959750586462035
0.3288348179980077 0.8035278414897377
0.5985185167378045 0.538120167485402
0.5838204860233596 0.3829947196428998
0.3783560933512984 0.7257075858808141
0.8060538168061813 0.12436553844711229
0.0901354994950303 0.4565731957219909
0.9806361344523042 0.2853815342482774
0.7819676156515044 0.5908685760767188
0.7669549273540985 0.7499082027280081
0.8969458418526683 0.4940174708940147
0.12932848379868644 0.45885168153854805
0.9203960985895778 0.8175091978421274
0.42994292095748093 0.07951200909366368
0.7426996903678988 0.01920987566057658
0.44116799150527103 0.9056057280981878
0.691113560070895 0.43063006024895356
0.9048791515250956 0.01763501481135954
0.3909841854409636 0.3592957787931219
0.6948952772550666 0.5027733222959667
0.8667275568208206 0.2860328113778245
0.17353547136138453 0.5703729055255764
0.6766117260989534 0.5423782196462212
0.5169532329287165 0.06970197500804687
0.7699843330250843 0.8515508188147418
0.6693391317263693 0.7477662940174419
0.29409061380421475 0.5244794170430108
0.9307542951448153 0.19785937036622575
0.4189871036243026 0.4172595229445466
0.29204702148802564 0.06942021162478185
0.6524296151916125 0.9430075880052926
0.9312368347908123 0.7461379362262602
0.13006593149579326 0.3187221133107502
0.9100830282990018 0.37596512097257384
0.28735879532645625 0.15297976215842918
0.7366069241916018 0.12032660712163279
0.6915842630744182 0.8903553841555145
0.8898671859541958 0.43923073264771534
0.984382827363997 0.21825002775747093
0.01583035216018369 0.560518294636114
0.08172580549814817 0.8237877739624218
0.04055676634675037 0.6322785694503467
0.7429944419929797 0.6090208635053038
0.966098257166794 0.5202010225564447
0.6727563242369534 0.19711643543142487
0.11730239470272269 0.6131424636945306
0.8212990192948821 0.5121669644178448
0.17553144830674433 0.06827616199022546
0.42869604110340975 0.29314240295801186
0.9595600907131803 0.10273568815486989
0.06774244172989474 0.11548491844914066
0.7007497364429108 0.8167346258281702
0.9241602327766423 0.04705939067493764
0.14011740886339025 0.26099977765942584
0.6351067464339168 0.4274042153676394
0.22748214087581076 0.3723228118184404
0.8070522955479642 0.030730525063199177
0.568742301862385 0.6030507183042499
0.5840227749177211 0.31540830241165146
0.6125709715019547 0.8815299689460594
0.1711695589398664 0.13505726051015882
0.5499998864488851 0.7281008006950312
0.41635935301395055 0.841083742340198
0.040552683717682725 0.9244086855765218
0.369597289279645 0.07731587318322031
0.9474615137304921 0.6639573036497612
0.6043081062138086 0.3390208961573614
0.4543924080973821 0.21672269744397166
0.07459999415079088 0.3896280280702735
0.8666458565784507 0.6095124216225002
0.2642301491066013 0.5961045222561894
0.9550171516507344 0.9853397947699098
0.773290493285526 0.4410663804749269
0.2338864274703914 0.5031472644309571
0.29505150326222807 0.6705876471435838
0.44011336126992584 0.57745247207251
0.7162387604922906 0.6446548723025588
0.49960981341174676 0.45829185201371037
0.7263916519433901 0.3439068669342062
0.2500222541863137 0.6473396144012994
0.6591104503355663 0.11155935044136206
0.9136035491603869 0.25208282617175803
0.18100461270206536 0.6261385033544281
0.005825733206598016 0.3500349222459064
0.606766095395801 0.7849542635882365
0.8377089004793616 0.6927315240558194
0.7691584258904925 0.5338896506901984
0.5178486795484747 0.9793787784074832
0.15354844772092924 0.7529664563930216
0.20016768295084036 0.2806807351715015
0.5468658132302873 0.16375694273367414
0.642035321210443 0.7199251440831242
0.20298418261340467 0.12561092592995704
0.16125935939076985 0.9053165541055171
0.07908416315636663 0.5381697245220162
0.9857752845404337 0.35173577557546687
0.4818820863929197 0.523177455548936
0.8246992466234473 0.29846158509745463
0.8034061642503192 0.5337925045932772
0.5157737180598687 0.8945394438798978
0.2322033005332803 0.40900707798077135
0.9131709676451576 0.5531181620458543
0.9045707024989219 0.7839539916035456
0.4796156801553978 0.6255171132279612
0.5199673005161792 0.273202626639334
0.2208126410441864 0.19902650496151925
0.8425380723859583 0.07676578462885275
0.12247854584254686 0.7346157647153918
0.0847739353144571 0.010732359468271502
0.7598018821703778 0.24944012068417432
0.39988729236990644 0.3105658926892103
0.8329506941752733 0.9587400915493834
0.7871261173574948 0.9405223498148825
0.6118023474179812 0.28495514070771005
0.2985863888504473 0.48235213523745457
0.06456747829455434 0.704293408960113
0.1629949194601248 0.46568110553295794
0.38032941328888314 0.6107526548715918
0.02783372293269243 0.5829662067346633
0.4751440925821841 0.9397391543195065
0.5068837355989466 0.1163126824959635
0.009276794078835582 0.23575893981560553
0.9603324449235668 0.06094481988898637
0.7035928127483917 0.7143780294351187
0.455463336311094 0.33324716456785586
0.13805614994237253 0.5532141613615584
0.6327577007788743 0.1398376527585556
0.988877644030878 0.7924036988138021
0.010726889242497373 0.20606300784016557
0.13592613851649393 0.17208926906555794
0.8785077678640509 0.1263138330002309
0.22811150872627306 0.7005910691294297
0.03308306225322588 0.2741711663964241
0.04557199709986176 0.7697013925231984
0.35980751496672714 0.04245566711708565
0.7059056677600556 0.9904077656530792
0.8325475452428948 0.4542279416246441
0.5988579694229794 0.07915764207308607
0.25141641791278235 0.3229556012328988
0.2981845304756496 0.8494078594088714
0.20838875465838452 0.8268482589302666
0.46750208388124587 0.7425189901330992
0.9400340744952124 0.3497077671392326
0.38073109646845177 0.5101480490229392
0.4157224873701236 0.9722638768978937
0.7701321206691906 0.050381604281353076
0.6908512925303567 0.6856694658691407
0.7138325194067608 0.2652824945244531
0.44666324999007456 0.5070134689077883
0.2662758276963238 0.2698507409603049
0.5224362304972434 0.6731474452190508
0.16435615791991298 0.3775532441954814
0.6144098683877213 0.22178793459782314
0.719698309837166 0.8501344241106628
0.9626238567469991 0.726656026256177
0.5321843365465319 0.04412211266368332
0.7073180026702443 0.044816068159351796
0.04999478776243749 0.32918086949359193
0.8654502267097288 0.7314541296868451
0.26918090391291283 0.4551511092752911
0.718934268367178 0.909115218919136
0.5975193555771527 0.5033125884916966
0.4202581018617921 0.04944521123526496
0.15075275137803212 0.8047403168830802
0.9240667040147132 0.5036945232811753
0.8621254332754971 0.5241537123585119
0.0958421773460264 0.6385793162250417
0.5127514145439285 0.8213307509864158
0.5735491811442591 0.934055552271797
0.8347295887807347 0.37824904794208714
0.26866792046494686 0.8363139431144633
0.011847818717772796 0.08632271085847892
0.5741457121694554 0.41896471069003083
0.9215093653341893 0.4230260194145611
0.05187636098272025 0.19992625171941375
0.3162276985226414 0.1252004486686925
0.8547566159514053 0.5544518912368503
0.7891682231304007 0.8694964957124569
0.4758217723125265 0.01323579235714245
0.8297735548314367 0.721111255316784
0.5117067991615584 0.24678010501367742
0.36637721792356753 0.3268673412999775
0.7177798989212166 0.20323344134128368
0.8585096263070495 0.6391985135476241
0.04865804074872676 0.8123556670055531
0.2452506013673872 0.9600693168866232
0.9207244592877171 0.6738779585724364
0.9586159497307929 0.9037604992758439
0.5781355492299337 0.157782405186007
0.6811560473477227 0.36250014062209174
0.5362906739331401 0.09746304394115568
0.9875677929352942 0.18099290608626534
0.8503138058532039 0.42342790939105035
0.21222545653413022 0.6693296794928896
0.5999032983674405 0.8572842906338725
0.7245795473363225 0.5238031891636349
0.41318249935137297 0.6391081804943239
0.5385813445444687 0.01771403061496296
0.5747322027497036 0.27915774469271887
0.9193756636732289 0.11488220469836802
0.19819026748432045 0.3679404938214738
0.2007029588506623 0.42989457071396286
0.7375796277865299 0.38777883915694167
0.010390299931713143 0.6424357458780445
0.42749305690209394 0.9344553033230287
0.8514953950860176 0.9322020008138987
0.877780183294748 0.8557688420035514
0.3384622266438374 0.6211559670912579
0.5331617219888846 0.44186205695646136
0.3982674519044238 0.13554267907933953
0.33895734775901315 0.1966387203349394
0.3815991245259135 0.10903813399718121
0.4110778630706516 0.9060890075071988
0.9840509939390122 0.9867589586559928
0.9879443981416742 0.5821153281553471
0.28420466237596026 0.3712402260416997
0.13971635751374778 0.22888084758903487
0.8774110587108028 0.32119598757636947
0.6000628934807251 0.6603335467672521
0.0914361791414629 0.7991838802984012
0.3861663550898644 0.9814565832338413
0.7173412305476528 0.14793022083387009
0.5084713277176702 0.8637792172390372
0.31947037842612563 0.9029545482171781
0.7944517895262979 0.9039587149662365
0.2526698216154476 0.01452677995417656
0.392212122178532 0.4272393172712188
0.007531479437664579 0.4476078327656827
0.34778526231886114 0.23213963138634752
0.43216487198293735 0.6727799140957125
0.033473782938676644 0.2474242700010752
0.11940219611732389 0.3631589193311543
0.36280248254664116 0.37961930317771986
0.3056383351651855 0.04042718779239196
0.1652014403810595 0.2097910116839306
0.9177491595957257 0.8470240683150034
0.9860592634713296 0.5010376836269352
0.6496795218273583 0.3724916820125126
0.9469793021799184 0.2808857846795931
0.02455564515286518 0.40417578801841403
0.1651968584190796 0.9316564333359172
0.08232480243515788 0.17783791306529995
0.015082062240416971 0.9026050429575776
0.4871164818035924 0.3156544305566894
0.11240707565383451 0.14812038395199678
0.34451352797630563 0.4046136216344087
0.4440991596850026 0.11236031455087453
0.06057609622414045 0.24241736677759884
0.13415516724295218 0.3902645837271842
0.9311513603825028 0.6017856738900293
0.7077252885282981 0.01633041218910347
0.35951938536870176 0.1782855633530825
0.6947309472923896 0.9491645020698769
0.8575450609867197 0.1847243203452711
0.36212099400646397 0.013281992704072598
0.14301345347724514 0.008509096593157794
0.2930957036244902 0.5767950356567304
0.8159579435074145 0.8067290063493249
0.4066635961002275 0.7295728068174467
0.3354559805371744 0.5397276681447372
0.21475611977755005 0.9773322778523047
0.7002367082254566 0.46628865725696705
0.45813060153239094 0.29037192349005814
0.9491922404340087 0.9464819067435529
0.6524164441523916 0.6225328948148053
0.2752595592367903 0.9653270563813817
0.5666766956691022 0.09060632544441144
0.03319281619757619 0.4626808174929918
0.6243416114517475 0.3995395411785844
0.9794490410874706 0.4507178450883979
0.41486877708327324 0.1839444241028103
0.6589252832314502 0.6494806660165943
0.4504229585802851 0.4212519241770696
0.13674585276767215 0.2946713518785645
0.49247188262278874 0.5844756577432221
0.6469780345969557 0.3046437435598408
0.7740558737444199 0.32977683553720494
0.63760791870874 0.2128288207005034
0.08682012154803925 0.8639691821211315
0.5078324274547669 0.15172755127494886
0.5670606173845381 0.7627450081301387
0.07985311124491196 0.4198977343337402
0.24500903180722117 0.14986732280802278
0.9481413945515944 0.408998502546271
0.10778882657993727 0.9402953644354627
0.5645306408732372 0.5639707091253968
0.8745186507772569 0.9159299268608938
0.5589429131682185 0.3368688451677582
0.8704895605777617 0.25651907790327155
0.8120657826179511 0.09694954751040957
0.2864844360115524 0.7776758240114927
0.24848057791795447 0.5662035681890466
0.5187404820971305 0.7129959977605991
0.46810217453482544 0.6829317100199039
0.9379154991000264 0.2232467553606174
0.5931848723536459 0.6246587766777701
0.7910302266821416 0.675160086995737
0.8140264950823712 0.15407589182919634
0.5621057548478863 0.886645615731727
0.8728262181024303 0.7604340720878411
0.4875807356199312 0.04675425959415053
0.3011987308832436 0.39807445787675244
0.06093751839658845 0.08909360360744334
0.2616852930233382 0.0646254394036968
0.7598804450109555 0.8105087101756242
0.74752731609325 0.6745490854735747
0.919066301098981 0.7164641710769827
0.7521907115889723 0.21799061222085875
0.6376072546536344 0.6024932761246033
0.38474170815793596 0.9013445243346194
0.20883410814015713 0.2236582692550116
0.6381811163619453 0.8128480354233378
0.4529417013897003 0.8545435717925656
0.3114068221639051 0.734092453925427
0.7942648657900928 0.7873977394137945
0.13177431326887196 0.8336645628807461
0.802051333434477 0.010583187702927266
0.23730632132252288 0.7483113419469412
0.20140439815152628 0.602804037056586
0.679261125862189 0.3241487314393991
0.19463518461085 0.18961913213363019
0.7787181948341131 0.4714863951436879
0.6326526107559021 0.5477715735771953
0.010739930279979604 0.5292711641156433
0.5277063203533939 0.4033781856164586
0.5452741087575926 0.6711679214082124
0.6030600694238081 0.4193369898875421
0.391269103189467 0.8239002173436043
0.014869261956534097 0.7620013775078969
0.22980538871449735 0.30456130984837115
0.15195870548129542 0.07894162692943196
0.49265350697217464 0.35951192964286616
0.09768268933189361 0.32993012483765205
0.8903725277811287 0.6588710948621268
0.23986110075882677 0.6140781276618132
0.6591428768309369 0.4226344347846537
0.47856085590507424 0.9091043188618765
0.6748762575282509 0.8300700206126043
0.7194441149942474 0.4056786775771037
0.5276047043399668 0.5558896664416901
0.22237533374125773 0.927735533496449
0.11893494504241231 0.24483004832522115
0.9158112748189632 0.1503891688575294
0.21634489514230443 0.46798841926491686
0.8116913671808673 0.8495808478886413
0.4957094495200097 0.7586357652925184
0.8835048387158498 0.4737012121513258
0.10233947979791147 0.07056302650439727
0.8772984611430387 0.19668042716985396
0.5423656406750565 0.9095233507710593
0.4087688030092158 0.34394394547951507
0.5682828641536699 0.8266791914148903
0.059758730027596685 0.8902314956620094
0.38733769429772813 0.7627030108936823
0.18959522753547203 0.012702575837091556
0.609221580383625 0.7274700535661637
0.846767843129876 0.151168394396196
0.6151875908216999 0.9433149547515784
0.2754259783572938 0.12854364046346162
0.631847245393406 0.8550651998519601
0.7488215679635203 0.9912839027002898
0.47719124889040365 0.11482808797547339
0.7547097966301861 0.9590571154864668
0.18712910263457533 0.6575419310191669
0.28880825114640263 0.2457639171905206
0.6888647738219408 0.5669537902837327
0.6654432375899755 0.4945851125559323
0.7552348641043105 0.4255713376038339
0.2501659904500628 0.8984209280752375
0.08657251596269899 0.6046199371895422
0.23969592053509947 0.28258237169536526
0.011808732194524107 0.983510885814052
0.18921363731250984 0.733520264955606
0.024796813131980677 0.06091878590088434
0.7879198963562845 0.5662481572209908
0.34524122688664355 0.5769192382394589
0.011925103598876607 0.3120138122841351
0.03879346814322304 0.6906796107938153
0.05774284992245882 0.5099649692986233
0.8104459163981522 0.27370241202991963
0.5952268298910716 0.13811800351776476
0.4574599069369787 0.9897182815246981
0.32349472287189873 0.6640396181661798
0.8952894635390993 0.09337536716015093
0.9209294829550684 0.9862065951862623
0.9894314326044076 0.6211917493216128
0.018109896654182722 0.8718166312721471
0.1514381628475352 0.43738932234631855
0.15449994669339318 0.6241628374410024
0.938740097595423 0.6505444835636973
0.3545757165027518 0.7941238393483192
0.742331522943547 0.6360478025576866
0.9322656031120771 0.8951128299248364
0.5314827601716046 0.32998854371609854
0.2812127913842304 0.9281648837052716
0.49979925093086364 0.788717692157435
0.08468061902391372 0.6578064808437738
0.6610776014396207 0.6849554327914044
0.3826955762636104 0.6951346010952248
0.4872293523725089 0.17358327731090828
0.13263693530918286 0.8836365300258707
0.809866605819495 0.986352545945447
0.5704072412674424 0.8551196285299424
0.2163229255603184 0.06461896376889908
0.9863665289186375 0.4075591230002371
0.9043597031101791 0.5855991794648159
0.756415537741441 0.49861747315170074
0.5195911047169384 0.2141801512735504
0.6617897232748069 0.870551035290178
0.6788223640590936 0.09829296656169983
0.7928892578113695 0.41347836136016336
0.5534601556998802 0.3867707534159591
0.9168694944012499 0.4661424196115251
0.19734069258469172 0.9125792336189766
0.09666616242195136 0.7649391391433029
0.087473833085213 0.9669074314469381
0.9380101417086942 0.07774602618179366
0.5438229178453488 0.19683858228610612
0.5308391215299272 0.8073522146104924
0.1682120762366368 0.9709749528032698
0.3769502743792608 0.6354159778821058
0.7985076760077019 0.7375263631936262
0.7404441429521492 0.5780981007288974
0.5330851443186208 0.4811840433948065
0.5435795723507056 0.7022372056397822
0.21614337064038863 0.15051681514223675
0.25146059185691705 0.726289723705658
0.48749429559966606 0.7095996665206817
0.7179358875116497 0.1006078566467149
0.8085812920288202 0.2512413724066592
0.8625296867171437 0.40221390192733336
0.6383431090153013 0.04699098727626916
0.6607588095485818 0.01286167290871465
0.5579609073965903 0.4411275805379113
0.6088181180022465 0.04867163414862902
0.7334769908636007 0.18243305386440417
0.5012054019499369 0.6474639603803263
0.7732968344448956 0.28361583361857523
0.006654276509896306 0.01588527366805903
0.3432263095884541 0.2925560871087802
0.7902939724915689 0.17867103761251557
0.9347550614662898 0.3247590586805639
0.013812837613397189 0.6908757617875642
0.8194163035736544 0.48430158748182783
0.06112462579773609 0.45223599197825504
0.42925516260349417 0.545518205301138
0.6209908893774623 0.5793562558313202
0.5002341670302055 0.9532675963135763
0.5114409354618871 0.2984064305485629
0.09803084925022942 0.5112076854772205
0.9476858500857333 0.8179165149535572
0.42803841706772167 0.22387449164017909
0.6495292325837987 0.9849169749398681
0.09505730875639384 0.7167769532506505
0.8328279617260312 0.05734952845993069
0.19907528601251862 0.492467321232465
0.5896055617483137 0.017202872140469727
0.82386065629993 0.7478515119151451
0.0501423062808074 0.033930130870172215
0.5758489456132367 0.11561714396284573
0.013063813800394897 0.8360708553591646
0.44988789657706274 0.17455360572588974
0.18299248983886413 0.04543752523275246
0.8344794127230838 0.5398952034040988
0.2131932839265282 0.3435859115538973
0.7132953887513731 0.9675657087984165
0.9839867111240486 0.7719110011771549
0.7716735028106907 0.6981586300546334
0.8933686985604942 0.8278695382614615
0.9622980785327764 0.6932503296393229
0.9491874758378313 0.2567208630616773
0.8554906397972653 0.044903943191111795
0.3931232970690226 0.8656418552004549
0.404237410484291 0.009629922800906965
0.6324220109774326 0.6689492584164476
0.4451517493264642 0.14027215564481582
0.24359621081326577 0.43002469098104257
0.578876549916167 0.476320850669142
0.008937543721244778 0.2769979275227624
0.5060233694338201 0.4213376942131256
0.4407043845586821 0.9680152738968291
0.8552667527323671 0.8476998302051548
0.9864290811020686 0.011877148455457898
0.3671205651621022 0.924374569454272
0.17199383775283134 0.5485266138042411
0.9782766410231307 0.15214356537798285
0.11540700705495571 0.7995573969528846
0.42241172746995004 0.8064227836374507
0.9889465965887214 0.733046669372649
0.3326715149233732 0.46425178732364764
0.018184601045362403 0.6068165311167765
0.7000990681507775 0.33865840848185125
0.257567484364119 0.20014991898249557
0.5002979769321104 0.5486698668059499
0.20013839004520856 0.5455001506924118
0.3576524071795204 0.971583370799427
0.14128679169368474 0.0560943711520584
0.86689988755977 0.984576258675739
0.7239277000042206 0.8050484075180405
0.3985837816172647 0.2738466428547196
0.054206207894021086 0.2924700293063719
0.7254033842141634 0.7844557129220593
0.33445372412596486 0.02861097958125547
0.7572603845463233 0.920988700969139
0.10929872852321071 0.5629326454775512
0.7747034638427832 0.3623822554621801
0.6938106116469566 0.2143805822805856
0.4783005853311123 0.08401455564713656
0.24303912298999586 0.8299833855062538
0.25998534653813343 0.5243454836949214
0.7366139483834309 0.7538356588400614
0.8214500811290872 0.6211238291936377
0.7756175629360316 0.11943036258815731
0.9559829349343725 0.7608050815885266
0.04925858591998844 0.41221184401222793
0.43434868221641987 0.39194918484063807
0.4470486947686388 0.8286088503325167
0.9291668218733067 0.7801610785526993
0.5530803093858182 0.06091291548932498
0.25558554483669715 0.6764075693515001
0.6733850401115966 0.7995237084450033
0.6559472259234607 0.16961326867591936
0.7405484805991163 0.06981169359215655
0.6454057757416078 0.26281750898811185
0.9578484437024934 0.8746795006589834
0.03388895792831331 0.137481715943217
0.8806189794693149 0.017889805299728723
0.2029470483012003 0.8781574910671883
0.5855098042942852 0.2143256611499481
0.5940254410571876 0.987482836683897
0.31926178601596455 0.5932777926707312
0.8458735848915417 0.5897409637867668
0.8824685596528014 0.22928900803793334
0.3177364673654704 0.08909086283016393
0.900745598672613 0.9097287594043798
0.9883188133679066 0.9020718437670221
0.07996504025110623 0.14427785076464994
0.38441400134185993 0.5678067513202051
0.8135483524058168 0.2233984527890186
0.8114695779225353 0.6901101296861396
0.44350861943283326 0.015123091511982989
0.39818896335467996 0.07087731459298208
0.7054412105783002 0.7429089164614673
0.44021697547296623 0.6148846709439062
0.689894843295373 0.24974547792914104
0.8312249542546825 0.6615565492979747
0.08767056235280835 0.36548546374897195
0.06348032570353762 0.9871749349320807
0.16662900994786983 0.4972012718155242
0.7961809426487372 0.9603353216448183
0.9666931964950778 0.8462870573007013
0.20147555690436197 0.7955774977239792
0.0266263332912286 0.3514632894885464
0.18691101568471558 0.8555300898898739
0.14405430647471013 0.14303462679090606
0.08879807930841904 0.20763307848710333
0.6231842777522071 0.47392456898665125
0.531156763472041 0.5239499094349989
0.49861105013748047 0.20175923756981523
0.841485340532576 0.34862949670153043
0.23268825526420317 0.6557197187002431
0.35431283408488723 0.7405042625166562
0.6255244531382063 0.3549815082657922
0.09239165890503381 0.6875714459823663
0.34549425135239487 0.6477532542624773
0.6009302518484844 0.7564807121120105
0.48720167465088043 0.819545254242967
0.9570506607283638 0.48547415951667144
0.03833136644053464 0.17101140136943938
0.25595774487945133 0.3850347669740818
0.7831629330734591 0.15065214209260053
0.12855595583729884 0.9655129157271651
0.16230629020796028 0.2770336996232516
0.34211354716638126 0.8313763603779101
0.43245023855501746 0.7396058612022511
0.13142709390400864 0.11300989201657669
0.5362470449169894 0.7592669255864273
0.12212817634623324 0.670219987938713
0.794297595112877 0.05606857433490442
0.3544625781443052 0.5057584699948039
0.7376354605041571 0.7120351468447541
0.8186452962402297 0.4363710367083982
0.8532671593482823 0.4989939058113051
0.9393028237112989 0.6272192208458081
0.36594446459108043 0.4282673012520325
0.13620044978845552 0.48516961423759963
0.9874774927172709 0.06223471201611591
0.3919390561932695 0.19326101715335964
0.3188482853570911 0.7662775206833427