0.46173936541952426 0.7235250696856169 
0.4942575050568196 0.3521096499197268 
0.9185300681588167 0.5312164505782735 
0.04241240134790386 0.38310692519973144 
0.7613455826217568 0.022057992005997396 
0.19421923343960357 0.7632406407557333 
0.8849515630649769 0.9902363958321001 
0.45400553580012576 0.012763985243137432 
0.9038700696936088 0.21935109901782684 
0.7141398150662234 0.887891534679083 
0.12028331491795069 0.15031438606736625 
0.2819939930513091 0.987631276172505 
0.2180029153177172 0.49692483469768717 
0.5610652616378714 0.598018995409549 
0.8710486491882619 0.7061265584918224 
0.6142085710905982 0.2987484645057973 
0.29053278948765376 0.20460770716315557 
0.09460436553872081 0.9438465541860912 
0.7590262569188104 0.3697312418333959 
0.4380596771684418 0.9311911533870467 
0.060478140817071147 0.6403591423223215 
0.6351039733302458 0.14540204526165018 
0.7624250234843928 0.6294971818432434 
0.3671549237293115 0.5832833143942596 
0.5330577527845116 0.9402865879305344 
0.30231195149720547 0.3754505874360474 
0.4948748296247336 0.1337775931994472 
0.9685762885002331 0.05572740818510197 
0.15012613973077144 0.08377891567447093 
0.9471408292601528 0.32897959477576194 
0.6607404394593657 0.7391248612934723 
0.864979605319683 0.7763598226497233 
0.5118304815654295 0.5122967169273576 
0.37716470098493105 0.09228712424525537 
0.012335957644375617 0.77577229288214 
0.7437669116312187 0.522464841163059 
0.3909723783741084 0.7651068176634683 
0.9641841720284398 0.8977663253767376 
0.7798284330731204 0.1383657647414429 
0.16453594041962866 0.24578577401073604 
0.6404157482877457 0.4681984341627061 
0.24219395319986964 0.6829463737224339 
0.01631828778099431 0.2282633456901022 
0.2463592339676649 0.8678518297767415 
0.42371655434785843 0.21108158433540375 
0.018004877126396257 0.5114364129399691 
0.9909458753491216 0.6298892538883514 
0.16706220614900852 0.4062730901330357 
0.8354779032009402 0.3681601883604333 
0.6334828197788432 0.9200820607047208 
0.7417225878896034 0.9843108485828751 
0.32938784895982415 0.512479989866727 
0.020806281912866764 0.009966908951198894 
0.609484385437878 0.11100130582825724 
0.8880664817320916 0.10217526082211553 
0.9663392636261147 0.4630289627495803 
0.5694941215363182 0.8475145125009531 
0.2344425606931715 0.014150392324560335 
0.43426589022113127 0.4516986107358682 
0.866658558748049 0.8872186812135545 
0.1278618375104787 0.8512190769481369 
0.7438502238939606 0.18861720887167022 
0.8512416409995421 0.6059401884711756 
0.15828473210799315 0.6070015353785169 
0.5993651761674522 0.20748628116774004 
0.24267092448264493 0.09070490539389048 
0.011094628967423914 0.9518222250367832 
0.8178042177417133 0.25376461941995776 
0.5554444852877999 0.36004361295989007 
0.7481223563916627 0.7602418837389706 
0.6307416932642498 0.016654473718834883 
0.6574500982044044 0.6365971426772775 
0.8050595622729249 0.9362774750850504 
0.5527883580662101 0.7061724157985891 
0.4370859604996049 0.8447684227358663 
0.8412464229116917 0.4360793670592843 
0.9059785878071177 0.7497234907004177 
0.6959603631338194 0.2730450278732935 
0.0542096379150811 0.0856868292066898 
0.2814536074138596 0.5771498972264434 
0.09572607103286801 0.5409047691072246 
0.3567764403629264 0.7813096425786497 
0.9499252208487433 0.7868856991763826 
0.3637351022996667 0.6881661958759664 
0.08385535705431896 0.3152550806562219 
0.8224540396108251 0.012894325356329395 
0.44656271073881904 0.3035201969297463 
0.48886881055779763 0.619990319482592 
0.3615541005249762 0.9612639139257274 
0.28315623022538355 0.2642606718456527 
0.010641432638956783 0.8618388562014563 
0.647585695544747 0.5548235445698098 
0.0937942255688557 0.6901841057076057 
0.6142035822270978 0.3997869564291652 
0.3365161567692817 0.8990404436302217 
0.9893162418681731 0.205073036755196 
0.8885277965050975 0.6650988428216376 
0.21960375159045448 0.3740173300226681 
0.3792682332659364 0.3664634121661973 
0.9667190845572244 0.9931070518204885 
0.294362271520358 0.012929863480474979 
0.09846942325881458 0.4320794845730703 
0.8041663219859003 0.8632407189815634 
0.19293899635527562 0.9840237784238852 
0.6784358230895462 0.8205963143306558 
0.7232189021659634 0.07031782819070614 
0.5383433764797988 0.043420853627233025 
0.3887221763604466 0.6745454192258491 
0.19172277038241264 0.17052330612082117 
0.10302623391428556 0.765959450266334 
0.4055734058012447 0.038249065766403356 
0.6706016017767371 0.367375492638932 
0.35273110338853636 0.14934226369739184 
0.7858124191835689 0.31122386853191686 
0.3096447376522766 0.7947347125726644 
0.7194797050665456 0.4658118525908182 
0.55491107567112 0.4233847093302775 
0.5104103771114336 0.25332405110235223 
0.269959099089979 0.4634718314361643 
0.3306500642835079 0.2941811812364173 
0.41691470433614874 0.5393395834525695 
0.7838305008078523 0.5232054238547351 
0.4617130401560836 0.984449642063276 
0.22860119368878878 0.2344740873380734 
0.5079588666286639 0.7808562164543476 
0.0319157058243319 0.16935126468797562 
0.9885535186932208 0.117833007908615 
0.2075239329076219 0.3130885878817071 
0.04848495187045321 0.3269794545060551 
0.9040152475717773 0.4221650308063618 
0.06387602277448395 0.8927225903890166 
0.8767841254795445 0.28618705284598983 
0.228486038504219 0.6292817651725899 
0.4965900001893527 0.8600415513042183 
0.5931952601749033 0.9588448485879417 
0.37741604327909384 0.44301408488605787 
0.9278047377028465 0.9385180650174243 
0.5082601918243189 0.19892351260871105 
0.9754783792643399 0.7242708477627883 
0.03310260554397376 0.42632572824274306 
0.9857212478150266 0.5628684270637931 
0.1390824944872201 0.014901983372662853 
0.15545455843884282 0.5019976412765527 
0.29401234578695845 0.10503494252418005 
0.18791087001096762 0.9205314754201126 
0.6315430870120438 0.834653470968898 
0.8396308805524981 0.05752451182399937 
0.5720810105037193 0.5146582838115324 
0.8044836894565783 0.18986657133741436 
0.46166402202283924 0.4297022170075 
0.5271600574894598 0.4831455871751122 
0.7778954646248513 0.6857977647809175 
0.5655044524353118 0.7446241900451231 
0.3634006745477967 0.2544427987523567 
0.4668474939534819 0.08914556047882266 
0.7333699526880313 0.5560366401326077 
0.05161285798796128 0.23158940489559826 
0.6585293663509317 0.03646915053907035 
0.05061155194077205 0.5835536401887579 
0.9284969305136392 0.6016083082157031 
0.02396990303773555 0.7103640213663714 
0.7927026792106253 0.7904856617092877 
0.9134663103212902 0.8075987593275864 
0.9484121530955306 0.12976377565512115 
0.8854971656428892 0.01077914063841906 
0.24920266144716297 0.4382556182539949 
0.7000224045874986 0.7010979310707426 
0.18646867094500058 0.8413641915981523 
0.404086412554127 0.8930522737761559 
0.837281863217334 0.5239970332619213 
0.5558406707830612 0.09711256250484901 
0.16374006675642722 0.7057816245395687 
0.7706619575818611 0.45093609592525735 
0.45127391841132325 0.6633444848950841 
0.6870156150334906 0.9584120542965113 
0.33815780308268584 0.8120565390906569 
0.9597523963080323 0.24838555643956195 
0.3181809158852641 0.4044858637639209 
0.2456600620221971 0.8018979007085791 
0.6867582518229471 0.17048572067868573 
0.98501840790869 0.38005986624618043 
0.16787876569523513 0.037939960139017126 
0.9243382254888244 0.46818065482499754 
0.17210792576287776 0.5711808881124522 
0.8570223118033421 0.1666090516435788 
0.26120225847436795 0.15438099278882816 
0.15481018659430268 0.33692376869896656 
0.5430906664667146 0.6786177479073192 
0.01622860379016694 0.11429812535417944 
0.17030295290582903 0.10576590433350896 
0.7049730024368909 0.6119606615478483 
0.4282052603892442 0.587314148258478 
0.4613034259060017 0.3634576132434209 
0.29338187299481644 0.6019877089381929 
0.5860893219185521 0.6749904400114601 
0.14415601273086537 0.8046316050183526 
0.6064509787769007 0.5905932783892229 
0.2207261137015158 0.5602934410763983 
0.7367798754081974 0.12959356586895077 
0.8090984641164939 0.9832566593375774 
0.9741478508773717 0.8072147044534757 
0.3017349157085921 0.7277776515176505 
0.4314682390185632 0.15530102722112998 
0.24792725041366703 0.9489175645953134 
0.6789384128233918 0.07494566743043585 
0.8003341872437739 0.6239885225466006 
0.5945025590148684 0.9095051476420848 
0.033967809382242586 0.28446055204179455 
0.9505785269851699 0.535761986689671 
0.10141789393684975 0.0959456908182148 
0.351589877571524 0.1822838710764378 
0.7489735607975362 0.3008777030690165 
0.5680139946167413 0.26574422932163844 
0.5986717093119961 0.7925844173135767 
0.784004354831793 0.889201922981026 
0.11069910880946449 0.6025051867507986 
0.43271296493583883 0.7601933709935258 
0.46679057484423986 0.21649343957569162 
0.14562498343675573 0.6542912364344122 
0.3081500462080636 0.6517544780890572 
0.8995107364029609 0.89132204055601 
0.4063394661056179 0.6244474516000995 
0.9143486173331827 0.6865788303609112 
0.7344697015086339 0.8298683860530905 
0.08183864279755715 0.7996349940790171 
0.655873091368525 0.28309713405589626 
0.03569663484539104 0.8397285548247804 
0.9847985231437109 0.26438174716435225 
0.5588438663597015 0.16605032495066147 
0.11596161547699457 0.3747816089547335 
0.1966482033502237 0.463074478164939 
0.8156185064761738 0.10140032763799622 
0.8493527027089588 0.8359921755773143 
0.8741135517171938 0.3655710430205645 
0.9305606913271983 0.017292914776928514 
0.3825274984871673 0.29629569859571236 
0.2807117810941558 0.8634992309456081 
0.6805619318964974 0.41632476461685436 
0.8623932064706964 0.49097583366629544 
0.6139974291456223 0.04662707603680766 
0.518678246949013 0.7090960905307574 
0.7751111708277166 0.25075746379284747 
0.3395875079679981 0.5657640948258734 
0.8163053766694559 0.7122010429145044 
0.4757533994118802 0.5327264447325459 
0.05586641298676642 0.013092060634839087 
0.06223457611198796 0.4805849925422638 
0.14847067937214675 0.9132149813129087 
0.32626187578002863 0.9870393863064817 
0.5738650275790336 0.3165602396257795 
0.42178372197443514 0.24674347813720565 
0.3808921158989016 0.5195408312168069 
0.9420808234160384 0.08520813074212041 
0.30289348664962634 0.05779242336570933 
0.9598189809466147 0.6377258898714794 
0.25981981952806066 0.7241401890521569 
0.5703550410845976 0.4717207318114955 
0.8116584963875001 0.6475904245494406 
0.03477710356931718 0.9846459376783387 
0.8165321017995495 0.7782875319857225 
0.2630856483162859 0.5257615797262141 
0.014798488970010182 0.6400623709903022 
0.11125054006548796 0.28477972428066006 
0.5173029416076556 0.563835926163955 
0.6900214262242415 0.8770425825600094 
0.4306110336611515 0.9606058916040833 
0.34952530745423177 0.346036142747776 
0.5188029521551162 0.30683047171801425 
0.8544274922934476 0.19821474378052323 
0.28318454830826156 0.3528209732479934 
0.4646953008774469 0.8566228741946633 
0.820668567872155 0.3180735487442379 
0.14240664264233516 0.9749397540200262 
0.5084512685584227 0.9076334135835654 
0.867456434223411 0.9355624664806333 
0.8223780613356606 0.4119739829779312 
0.5225957942753563 0.43008781729671736 
0.5609335282788724 0.9810156502787535 
0.688053231263131 0.7860759494844788 
0.3367851661668296 0.04521347106881357 
0.659503512355077 0.7048588434941833 
0.9859138680445662 0.9345208831417084 
0.9684219243131614 0.016343615938173295 
0.42284766601653156 0.11472044206037513 
0.6025585649244517 0.2673559559816926 
0.6327782518457032 0.5131192583987496 
0.9557927784400553 0.2057289719999275 
0.492612064438322 0.03650332326008687 
0.7357663834373077 0.3683721005229385 
0.7798057248192574 0.08595832070414172 
0.0935954570312636 0.49978441019390457 
0.20405209325985896 0.8114684586260654 
0.7376321008588764 0.709142249052341 
0.5990953662135277 0.7295846642841449 
0.4145354725022594 0.38477802307956205 
0.7689374197967433 0.9475059373102621 
0.622805164770289 0.36312895854738675 
0.19168883003630555 0.6737908711437289 
0.5204767249595853 0.9829204923977877 
0.9019162410689692 0.255705421629143 
0.6526950219326539 0.9519821401064684 
0.2547921207009075 0.9229253831361783 
0.9275501430222428 0.8473731098033614 
0.5302661534165611 0.0808399122712139 
0.06789043269594924 0.1715768342036728 
0.30809911639163734 0.25295434758599067 
0.017991552421332657 0.08822179012252401 
0.8068359842500352 0.06892090019849828 
0.181838233153222 0.06273256045675935 
0.6988766224589527 0.36728497001598365 
0.03645653621808409 0.5622574008926388 
0.7625752491625533 0.580187749579701 
0.3918282772159315 0.2328876629793521 
0.10322880396028483 0.22085400209616635 
0.1601372157914746 0.7566584798336781 
0.9012022174327121 0.5865681906513643 
0.09747106935089284 0.7270219254386041 
0.6547879981450198 0.2258655434793625 
0.6297655400258235 0.20998246740239607 
0.3224813908803289 0.46168674192424797 
0.6803899580632482 0.5758828008213618 
0.011169474740496954 0.3265255277466924 
0.5838875027309296 0.5521064842365883 
0.061308981578621524 0.6740067392247787 
0.16826509675352036 0.18184253625779456 
0.9912725104503669 0.49262080611524645 
0.9566537208360939 0.4038049684126962 
0.951908941126407 0.9418693559613889 
0.757811338035002 0.4259227696790945 
0.11339388441780401 0.57212978048602 
0.6647830783829038 0.503200474024565 
0.8241491027725525 0.49600824210270705 
0.5865395947412556 0.6356855499192519 
0.1120151404239374 0.027778916275221888 
0.3781843478531818 0.8065579916331211 
0.4776836559033062 0.269148821640688 
0.4441072913560581 0.04264837443082509 
0.28278951558037135 0.9248835969100156 
0.3938488128661813 0.9544616876804732 
0.2180487695976609 0.723874338372247 
0.3254080629989678 0.09385942122340662 
0.5738730206204969 0.014841906966556462 
0.20689330370435122 0.43045234891245954 
0.7096320445986157 0.016828987248934668 
0.09222491251805182 0.6642387529729267 
0.05736986625926871 0.8665299771825208 
0.2829922670413132 0.7572849410147549 
0.13182151293156247 0.7082072054315457 
0.33686115650313303 0.6247118082137353 
0.06315518039231643 0.5376502024121912 
0.9855838787873792 0.6645129699872465 
0.9460866899877829 0.16589575156538483 
0.6829491726092296 0.3118580773953143 
0.4053330061494251 0.6996891818244444 
0.8954056418596315 0.1882224676227358 
0.7653052874694863 0.8612575975269755 
0.9829712453816426 0.7807145611351314 
0.24945595303079626 0.33244331132064414 
0.24009310597593103 0.18150573286951405 
0.48364940980000354 0.7971925508994775 
0.3118084707063814 0.1816858617565516 
0.9881221477314075 0.14297540493636657 
0.6155163710155569 0.4444489409304417 
0.3566118877497487 0.8708082399260768 
0.4948176825687179 0.9316876733311703 
0.20354355735815582 0.07640732731266953 
0.16634582767272937 0.9455272434998436 
0.5212944266954613 0.6482523439654013 
0.8698425425195624 0.42042045766570907 
0.23058169429555653 0.14074542962412007 
0.6521982352437992 0.7700954025465458 
0.7402339273822083 0.22641368480785945 
0.6958646334965912 0.6511365166327124 
0.7412469438026734 0.6785671936739375 
0.17841820854337065 0.36540314983099953 
0.7165913968476906 0.1622898943027289 
0.27784761585179835 0.4285561209610214 
0.12337325343473271 0.4076790319684637 
0.4410669987750668 0.5060301187360531 
0.4806087192438463 0.5665816121297623 
0.45574251850997316 0.17960448531840872 
0.7650978263727921 0.7297285843392135 
0.9634891224655577 0.5887443821234276 
0.4088576370774263 0.3522229584699004 
0.2773033905899824 0.041660413422535736 
0.5716028571530196 0.20841997873765722 
0.5474106568123577 0.7976725210663285 
0.8552638441311549 0.55726809927906 
0.27902270418301467 0.30296857444711633 
0.3081770436367578 0.7050556435118807 
0.9280646119005167 0.31144954157289095 
0.4690328326084207 0.8297833511199297 
0.9130027150110704 0.9902121007565983 
0.046070657096233925 0.9418179845412367 
0.3866723486589144 0.18359409379708264 
0.3008418138429139 0.5407188491270288 
0.6660920574421805 0.6015760832934965 
0.1269579165702488 0.5292675666931539 
0.9900094770648744 0.3078311938082775 
0.819166566159869 0.38756401264223733 
0.8120999924331676 0.8096537899353791 
0.053184869156225334 0.7389107782332391 
0.8070729230974282 0.5670996719932107 
0.0692107081120314 0.4189745706099808 
0.36740241980272936 0.6520127814396691 
0.196764231566099 0.6449069422743436 
0.2739999291493626 0.6541161014506772 
0.30943586906857334 0.8337210277004212 
0.056059937736713805 0.11273179286917717 
0.23764000425488374 0.46441843548652983 
0.3450421099697697 0.9408562578049524 
0.15186045862571684 0.14411272929703373 
0.39237208970128656 0.48263143439780565 
0.6249026018965953 0.894097109630621 
0.008371927898817577 0.48036867161118013 
0.1001911132060761 0.33908770785654274 
0.10145861646213866 0.8650520127536008 
0.4347624929749248 0.6348496810899464 
0.86313045049125 0.6435996012753169 
0.4025305713505865 0.06570235141110536 
0.07092331138512198 0.9850724068585576 
0.8753965660084189 0.14365440870388346 
0.16043964606296574 0.5305153350958272 
0.9399756914138236 0.7567753673148365 
0.7237059060500627 0.9508716638398221 
0.14089377881180815 0.3153075950282867 
0.01338083408641072 0.9198380415459608 
0.5931327295233291 0.9854881843070183 
0.4749774431170512 0.5015344554173147 
0.19825917167983792 0.5953364561251481 
0.5259035847258209 0.3980269797301974 
0.6948405325937088 0.5200678609456795 
0.015446556697179148 0.19896437918097876 
0.8996307239804593 0.15979506747457323 
0.6775949652601088 0.673546821736928 
0.6269471971297107 0.1831278486738096 
0.31344079563067484 0.9313680091175189 
0.4315327963139689 0.8653591532796672 
0.3494624339139909 0.010221545790540798 
0.25740307751797586 0.284539844773686 
0.7293504389632463 0.04434305164924518 
0.4733296133226083 0.3344177788256089 
0.8652947438589409 0.6776130631386105 
0.08736029094814718 0.4600072848993394 
0.44459657208317027 0.41067981716130153 
0.6160431625547825 0.546659638989471 
0.6466898713913354 0.8630164117344343 
0.5208111303908111 0.8782691881030614 
0.6858953906842926 0.7293901146908747 
0.3773061282737459 0.7134742051260103 
0.8705561763072116 0.04800391153997152 
0.8375685176685388 0.900294584902477 
0.9419644553545632 0.9097915020696705 
0.8421161430795914 0.10211304356917239 
0.8474444078250061 0.9869086017761639 
0.8703940159794876 0.25546425782269955 
0.010854828536183803 0.5904122808262345 
0.25664967757389695 0.24166942571153954 
0.20755738692373654 0.3475491785207286 
0.23470552942567058 0.41118601560565793 
0.6464034638752174 0.40675535362573356 
0.415227770755077 0.8103888198534361 
0.21702322079393715 0.8562193329293233 
0.06897061445633867 0.03540679869970026 
0.8418561157277292 0.2705961287853691 
0.22326121793413495 0.05061646620016358 
0.3387997626262788 0.5353714455554017 
0.7045278794306324 0.9858684211144495 
0.45812706330871383 0.7800482082430813 
0.9121784347545319 0.3722339449026945 
0.6273832317542473 0.9807207531643525 
0.9030581321190081 0.345067879714152 
0.953842043871621 0.4813591513699207 
0.8080085518671376 0.34219228147964786 
0.38152441335938947 0.32918206545892825 
0.2224895061107926 0.9859954923924035 
0.8024284377077613 0.16074221594465082 
0.42054991273713427 0.016507442483657486 
0.62593339877637 0.6170744293840003 
0.4124443341622691 0.5638881677064626 
0.7006325770159068 0.8458585832107384 
0.19478231870030144 0.2717268805434706 
0.6663748140371724 0.8975857741124945 
0.6740842443451811 0.1108782736180896 
0.07797750780902302 0.6098252594033653 
0.006166956111674005 0.6819552167296158 
0.3013505908319468 0.8980954081383203 
0.17003257864619337 0.43565745813356327 
0.7510574698481419 0.458845716610022 
0.0340870789612297 0.8004973595545555 
0.8971536804327589 0.4585889375801651 
0.8890917807853769 0.8430386814534512 
0.33889309974142257 0.3765437489399237 
0.5894924862052735 0.11164376019246369 
0.4993155778732773 0.7353184472052888 
0.7856750560745522 0.4111716204895152 
0.23987320173212245 0.7624647096050632 
0.07953261779783038 0.570181579148974 
0.19938385443703183 0.8773065238541584 
0.5137419352674373 0.11309093310801993 
0.07312086824929237 0.2046045480961171 
0.027347406597245216 0.3488606220859338 
0.5278899679076531 0.8437443019867037 
0.2858103822128524 0.14612217935820143 
0.7424112960297534 0.2653063014755985 
0.4474554453521146 0.5559617395684484 
0.11752386614173993 0.9147645073871502 
0.3220938853169647 0.32139513806414144 
0.5364122571770074 0.8946960046089577 
0.008416762575318093 0.16001364887228942 
0.5790584672831741 0.238705922090392 
0.9364232968326555 0.9877492498949015 
0.8829604405478009 0.8098621062475905 
0.2555107299536848 0.5558798729774551 
0.9411037651909835 0.727577528882682 
0.8349661999267737 0.6294332445485943 
0.5997294366652228 0.17488257378961053 
0.8485650521850628 0.3032425574697639 
0.6438148808785669 0.259130066899188 
0.5616194600957733 0.656281294035084 
0.917602503714164 0.6628626132667151 
0.1489843546523118 0.38424337811104525 
0.5461286621745606 0.5383081112251662 
0.6250623069782544 0.3332397512396505 
0.780416193758148 0.47282305260426133 
0.9558858731325557 0.8660437779201178 
0.17951061679835917 0.7967354308829177 
0.8945021662858961 0.7033210098016945 
0.7175673844213045 0.25084752799354926 
0.544560817794635 0.32508545450975534 
0.25127133746043673 0.3664185713740832 
0.3639437389275786 0.22497790727791162 
0.2854324682488779 0.39487659351600535 
0.8850668102683947 0.6258404435782672 
0.8157229432241446 0.23498360876188312 
0.43253912326250377 0.33474283462484133 
0.6789233279713554 0.46237854599268174 
0.48705518323527647 0.6668301247244363 
0.9649226618291903 0.10834301583994971 
0.6392705313145686 0.06034715289484838 
0.7253627836078318 0.5849289092137294 
0.12876755177187782 0.11246430486647818 
0.7740092682203159 0.17644505614990746 
0.27205964075722133 0.8197485090973675 
0.16361461463334093 0.21592911303696305 
0.13374634954474052 0.8817263839672647 
0.7628892589228939 0.6039354597728759 
0.9347201443711928 0.3513716162995168 
0.45177121658890235 0.24207748204618018 
0.762613539070616 0.05898723485738355 
0.6188711663131597 0.7658467973185786 
0.5221537849720355 0.1461408304656573 
0.293005017126612 0.5088308848268798 
0.5234799056533231 0.6246655771842171 
0.07200255774954106 0.8329667089080656 
0.18400659024068255 0.5011777607498356 
0.9478831667998473 0.5683736514035432 
0.7770783914122528 0.9799622671229883 
0.35218331228523203 0.07653133318051702 
0.8265004794359927 0.1410083588250829 
0.6436788471067039 0.6760020775961881 
0.6378878247398541 0.7997006386710401 
0.6666565277768413 0.14953465311376019 
0.7106601396152612 0.2223309814920112 
0.7929199374937984 0.8309210824285601 
0.6027168575139755 0.5151122281869313 
0.7099482491498965 0.09975653916744154 
0.323453490933218 0.153020314708466 
0.25749879584676527 0.6219432464429513 
0.22498910327283972 0.20471466292899915 
0.6382202453760691 0.11081938262714547 
0.7741843652174576 0.33457428230128344 
0.8166189287351217 0.599941107934633 
0.9098246647339889 0.7804175964331026 
0.019014277568572324 0.3081302025482461 
0.5924906440586842 0.3606500060453215 
0.14206916490079635 0.05098779829277189 
0.8319284436492038 0.868125190307073 
0.11858215183368803 0.07341593767978671 
0.5353215357603083 0.011639719374420932 
0.925626715387196 0.278201762076944 
0.5767801306208706 0.07846173044901567 
0.379098065322544 0.9278648281168542 
0.9042075632432118 0.0743422682155031 
0.9692830362846685 0.34570119823501433 
0.4507417530703917 0.6081606623938882 
0.7156618353134341 0.8078270627286017 
0.2516216194382547 0.11655605365490684 
0.45522984477289613 0.8833432576141707 
0.989984321880343 0.9796152692940228 
0.9857824019765131 0.6037552121045946 
0.31413965308114267 0.7590891334177098 
0.8146460678878582 0.7429801096036771 
0.3626492246574613 0.38528542149189193 
0.4905742782166443 0.4283217078686432 
0.19057958644849682 0.535251538133244 
0.08945671122475196 0.010872982932808806 
0.7119730974003194 0.4380872582536713 
0.7842388066581006 0.49535618379923063 
0.9666102776998093 0.508848816021333 
0.3368694382904923 0.6582427223951367 
0.16448512834528367 0.857731942982332 
0.0808121206126593 0.3923336196960762 
0.39999633768254395 0.8285719763505268 
0.25699977859992046 0.5862091730595652 
0.8869254077826559 0.39548923529705216 
0.9298437989920347 0.05052815704508379 
0.004757018000479174 0.37175683373757157 
0.3659063707767271 0.47593033754943653 
0.014228438428525947 0.5437069379873902 
0.2595446673836739 0.018599902745141006 
0.25935341932222045 0.4926743055702011 
0.7966925645719735 0.21747758406478496 
0.1962844205700477 0.22129323453095107 
0.5438168802889867 0.9683897956834787 
0.8558738722181493 0.7485506838747421 
0.8992622038996341 0.9243989432161703 
0.47991088761573414 0.3942359895761819 
0.4752531696978441 0.7559499673041599 
0.7094427708085954 0.30419056603882433 
0.20996041115884434 0.0053196192061395475 
0.7187897547355463 0.7465507038324543 
0.5657544635333345 0.38811679627069706 
0.08863608350929597 0.2761881147811934 
0.11380798350400728 0.8237905915003232 
0.11434585906240402 0.317763510944609 
0.043425979910443446 0.9100753978003417 
0.5167587901059242 0.6767884496252768 
0.43536927626137306 0.08745853521385222 
0.75881200681765 0.5478832972775195 
0.5059723967311287 0.4750106995302362 
0.9836283963120163 0.2318793138839051 
0.5212069636897678 0.8093822853778052 
0.6197138384296598 0.6512006400623742 
0.9157423490948361 0.13529720306741322 
0.7486589147544562 0.3993359991240145 
0.6076308674912514 0.13668807087763968 
0.06594464648159848 0.7082159398510802 
0.41045161132459057 0.29970193610511564 
0.9223564216845406 0.8742739895577274 
0.3894456820073272 0.5507281637065089 
0.9137879079425009 0.635159715588756 
0.9281145498623353 0.5030365932979434 
0.5633039614579062 0.8771116662307952 
0.3350290542375378 0.7033592604705176 
0.565607610712018 0.9371953284412831 
0.43186714482449007 0.7877765764028413 
0.5216730402150782 0.37330192930202744 
0.3414589106315046 0.20570091507361032 
0.7397812776870538 0.4912462441231133 
0.9823102009427374 0.08430601629076068 
0.13638742711980556 0.2607068219552927 
0.5940889853306245 0.7647541290393556 
0.45817701599804656 0.1344865029090847 
0.6498559340513282 0.43652519408343465 
0.589623268192355 0.4062643540259231 
0.9637957858831989 0.42486472772695894 
0.5454385850142561 0.5003043704283792 
0.7297366282809976 0.8653793685037101 
0.3874757807840428 0.1264822616330014 
0.27007105329508985 0.08072595889739248 
0.08405609564364014 0.3681089497995902 
0.5824842701889104 0.4418572612026479 
0.963576474292276 0.8379993996676667 
0.3303348439011621 0.4307940933961705 
0.6272655287235388 0.7067665198371266 
0.6562464319973056 0.1855905531540309 
0.4221554908501193 0.9849753422299476 
0.6129486810055653 0.24387724053733556 
0.14401576071466832 0.5869809071045212 
0.935981154233341 0.4404194410461002 
0.31672740056491344 0.12531959678094012 
0.3698834902449074 0.750622195935008 
0.6227154270980452 0.5763490410152615 
0.7526035383291467 0.3347378932686693 
0.372601979297571 0.6200010557658834 
0.4239209908504896 0.7242815906891904 
0.2868021666942051 0.9538733025404237 
0.9832545774559358 0.17670461401837206 
0.12221516334951987 0.782511555597748 
0.5902507212622773 0.8734640587660261 
0.4189853594682514 0.662644917320797 
0.26950248571493396 0.7792292224108663 
0.9796784231101636 0.7512837278238161 
0.7551395340183145 0.8908049837168247 
0.7722381088003236 0.27980643865795046 
0.35313319390824227 0.2781716703226244 
0.017384058992987672 0.05847125147703347 
0.1803777959741314 0.13988102802700647 
0.8341816512000932 0.9487186255141714 
0.5815556486646855 0.04935119333659932 
0.4112722859554504 0.5152015235636844 
0.04533861645456616 0.1354349596337454 
0.11451515234719112 0.4694040874650196 
0.786146582898613 0.01152055034557431 
0.3208834075585137 0.016791939033654668 
0.8061027662414009 0.6812874374029754 
0.23599310050511207 0.8984772096700632 
0.08661123546173277 0.12307669402925192 
0.51338523163259 0.05669813106335769 
0.8760711796727979 0.31949895929697086 
0.3985385138962839 0.40981740242065157 
0.034774171404945875 0.6118878144372971 
0.8231749847028054 0.4676852705792547 
0.38925299433346006 0.9868619312639724 
0.46097687034364515 0.46252712779662447 
0.21486822856730758 0.09944659807106804 
0.4903772784156966 0.5917973027448711 
0.6110665769471916 0.9394908157627895 
0.4341682494128912 0.1918313543305495 
0.14109618894096243 0.1776032620511191 
0.8773639495113568 0.9624471302562934 
0.70268677136202 0.13092160638206035 
0.7881181104045484 0.7559885155583728 
0.1234732277473446 0.6724252383833916 
0.5477583182211451 0.12501546460881224 
0.9888440315235996 0.8565027357370303 
0.7443410874145844 0.15188602252543065 
0.8538025441392673 0.391343179076455 
0.2599562856622395 0.6710593026393171 
0.61442791366443 0.8570476313292414 
0.011161021532084536 0.742287031686565 
0.9598000623991867 0.29026559201050645 
0.07805086049560417 0.24295724398447394 
0.8992765809664341 0.4876438858709231 
0.47854388095351036 0.19071579737659367 
0.05362928554895868 0.2649975051106683 
0.012876059392690875 0.40371410213449344 
0.49540776634729883 0.9581383496008227 
0.01164511543947927 0.8236695069884231 
0.03201822347671762 0.4725839531383877 
0.5665753085137498 0.7739944273223012 
0.6919874862370169 0.04631873560980232 
0.7637413482760276 0.8183425640787898 
0.33510887264364775 0.8593245516765423 
0.1352937099445345 0.939839388106718 
0.15026469191852382 0.7310894934001982 
0.2433371080239039 0.30843702158822484 
0.5109951980962243 0.28077898904805454 
0.5486011432303745 0.4588209164747792 
0.16006878944987046 0.6761857853979497 
0.7456133071918549 0.9308884225684521 
0.16274771682250921 0.4722991258417133 
0.8518874438383404 0.33779357048751407 
0.799551578313936 0.2766342198906079 
0.469385858259794 0.0594083031267138 
0.7063634150984648 0.39655198390964674 
0.3854761426654361 0.01206311451494585 
0.05589474782645648 0.5149865627344488 
0.4827728520582862 0.703300994636352 
0.1712681529684878 0.31444849565467003 
0.40685004246642303 0.4480254461572921 
0.07091614283633874 0.7721736891640667 
0.16800484508174268 0.009400533489241136 
0.8267215106107614 0.20295858263836264 
0.8727916145233552 0.07707327221605786 
0.3714691113943053 0.045848635995916376 
0.665998313062546 0.9863584968297802 
0.39696825981999695 0.5915798699852932 
0.6034183761883919 0.4803138817308813 
0.49192638012136297 0.22789296460036762 
0.733077486454211 0.01656846055293787 
0.23131647722657156 0.528906096465534 
0.1068399097486245 0.9633987088857892 
0.8726321280851276 0.5237688132475219 
0.13616453110300686 0.6290252316166581 
0.9893044788101137 0.47076031118438116 
0.6610236933364051 0.8010030994680513 
0.21328047195743444 0.6888731300990543 
0.3780096775548951 0.8811896747833987 
0.09294302622608519 0.06042906638851814 
0.7003607681467736 0.3430845932643738 
0.8620634627540642 0.4532247834325082 
0.4794532401982645 0.30633250755503005 
0.3552835521569621 0.4147121969251026 
0.22274919827646344 0.2831982209278958 
0.3189614230524486 0.34951014932739854 
0.4889258142490185 0.014073015699387792 
0.5883342714466682 0.15298029513321915 
0.4366025606999601 0.3904860763123825 
0.26796856962420557 0.1877040014636701 
0.6531328658348994 0.312601441358654 
0.012010544469945317 0.26559318538319426 
0.7832784482279336 0.5612407972533073 
0.0130720672607329 0.9829460977778439 
0.347478600322666 0.1236966313694105 
0.6146784150255418 0.07969521044175976 
0.21680278953178156 0.7805344543734427 
0.6571460003744672 0.011287230993091313 
0.9344908884462146 0.8237634490587742 
0.482830122028885 0.8847721167116349 
0.7256609195551738 0.7824078044688452 
0.44596945695023044 0.8105927101453487 
0.9210799360971027 0.5585724465100752 
0.8809564903153573 0.8678384029002728 
0.5215575967308823 0.3445395797087295 
0.5061119356473203 0.5390020418751478 
0.7757352247730043 0.9200692949677314 
0.24659023594875784 0.8388928348000133 
0.09077581449041866 0.14997974687455734 
0.7836466909691642 0.11179735369914079 
0.8350127062907984 0.17383763216851544 
0.7103126683816033 0.6744942367756621 
0.3157426318429304 0.4927819561474432 
0.46728017527741694 0.9184789178025128 
0.9531335196836744 0.686392312301511 
0.5464839439547018 0.25422496092865887 
0.9907458950359759 0.010467009714419828 
0.6731201530367955 0.5397697670953794 
0.3055369309829798 0.8660973567527186 
0.8344473807524078 0.5769841782504703 
0.20020343481244995 0.39496694859689685 
0.2320198934488954 0.6551868219760781 
0.7586283895459495 0.7842360416504244 
0.29132545941705695 0.32310540102420887 
0.5347592730874814 0.23130794409736216 
0.0137433852906656 0.43787660508980686 
0.10006091889839858 0.18076635504130462 
0.608112852142083 0.6860622143116004 
0.13466982451072712 0.23368226076111254 
0.5544946933380795 0.6300608454218883 
0.19651081681714744 0.9478326497335066 
0.3479387303907675 0.7196156127541793 
0.3621143788822129 0.5420255972735191 
0.8778073035234557 0.21790726234074992 
0.09064614045667801 0.894426163930023 
0.01722361696317537 0.8853025973324284 
0.6908974770678155 0.4911478297664306 
0.3270777833314688 0.5953076247983512 
0.9228039460984829 0.19383343259164398 
0.6576489134192897 0.9229679763688801 
0.28025247700335687 0.6933602928628991 
0.03143892233728496 0.6735712790987072 
0.14135545385229065 0.5568529662128245 
0.19711591198071293 0.5658502195752375 
0.6701262245432522 0.8481203080562186 
0.04248054623945202 0.19961155230912903 
0.7152116813360685 0.7236103411026861 
0.042377719151744375 0.7662948531522223 
0.9607681125878144 0.309500936743476 
0.41866705332430565 0.475246839306481 
0.05824918646268851 0.2978824041116409 
0.2525759916834942 0.9740000745223154 
0.36048203474745666 0.9882708415681074 
0.9882861579745967 0.8301678597764284 
0.4675744095077246 0.15573063871608334 
0.35872473609888605 0.8305018609783099 
0.8444145005162724 0.8054059598990492 
0.9386066122316361 0.6483054679855806 
0.6837465932240159 0.23649681743754136 
0.13896495400944708 0.3549831487374817 
0.5294466197014387 0.5961071611908612 
0.6906952013009053 0.9214047732234301 
0.60338299954672 0.02053362589996849 
0.1477124510030267 0.826800299503982 
0.5432862856609881 0.2937156648069745 
0.1570279254892612 0.7890628561020097 
0.3347289308655682 0.2635692112330391 
0.6677107255905501 0.34224268656026946 
0.22818626060165104 0.5912312068132414 
0.895790389859967 0.5167347226971327 
0.7337989915882075 0.4194696548938401 
0.8444915408621484 0.22658901052210834 
0.9313763291090734 0.2410135162623745 
0.29696102944653713 0.4718261903337994 
0.9868028237828481 0.8925772917289319 
0.07144028820725795 0.920150386585608 
0.9095796302549688 0.9671202394057495 
0.4079467037727983 0.9225221664683547 
0.4350240316224211 0.8957833460365164 
0.49272240033373915 0.1552649677364134 
0.20710935077971138 0.9033518964930713 
0.9676435711925683 0.9592494654112699 
0.3119287355657336 0.9604055772752971 
0.8447854372320316 0.716269247219863 
0.40537637674182464 0.26924635429668453 
0.13557693143700894 0.4459387433961269 
0.35723985470959463 0.49906946635010613 
0.3382660611624043 0.23198777551063204 
0.8803853224106052 0.7347625499946928 
0.6852030642862906 0.20314212332007542 
0.6082180867433817 0.8176122549706423 
0.7346739918637748 0.6178058367940478 
0.9841347885781739 0.5285851389248578 
0.26435208499257434 0.40520928946082824 
0.3428366822783171 0.7553001394229167 
0.7030197503736799 0.5673125037880599 
0.7981030069493915 0.43826896271041593 
0.7295528293051371 0.32675582645402423 
0.5230305413374878 0.17449544089382563 
0.5795714663651259 0.5879112614839135 
0.4001034071695697 0.7891082617575663 
0.7786519197288018 0.38693261658878486 
0.7816869336356329 0.648544821410789 
0.8657291566755617 0.12170009457483572 
0.5966569720595801 0.6161971853628694 
0.5727936616325207 0.8160982276115067 
0.8097484638166488 0.534529463257273 
0.9887697174907288 0.4100210048174948 
0.35364740434944236 0.3110840982334529 
0.9875787078648959 0.44390339892371217 
0.7455849677337392 0.0962649706699123 
0.11361086234681217 0.9911895446964875 
0.3109620630367189 0.2827473975695043 
0.9629794472450708 0.14899193939454974 
0.2525742349472825 0.055349270488192326 
0.39926616853516433 0.7391838709428994 
0.4951271522900847 0.08178158880356257 
0.3772707488404758 0.8519084926698589 
0.7156266454599008 0.19255732548217075 
0.9450850546739255 0.6217995871595241 
0.5007438588080982 0.8263153296465904 
0.10824327919381016 0.6399839789971609 
0.8963368248079406 0.30179758445217186 
0.7355450834396867 0.6448330088404765 
0.5782979629724914 0.2957632372264222 
0.48747876219797626 0.46966713747651595 
0.05795739886118234 0.9635442197349701 
0.3085895581572139 0.562541921141972 
0.5859576613475901 0.7101602307000295 
0.7624340191459653 0.21937431896052778 
0.47657234755835376 0.11340714244661287 
0.980504956108075 0.03338705990408963 
0.47073397071465134 0.6392415975826808 
0.4380410199707867 0.27620857520031145 
0.056233992816656586 0.4435180592345821 
0.805463808466564 0.8986378796671628 
0.16961302759015917 0.27840711411971414 
0.3932805090540803 0.15773879713168187 
0.2175962530825855 0.25383449752149734 
0.9148653444093665 0.7177427160806872 
0.3968471499616507 0.6506095773859939 
0.5447690537374177 0.19262285175509958 
0.7888197439925031 0.5949534044774225 
0.22208025120095914 0.9310193381506832 
0.5534466795486933 0.5691715849250164 
0.9836429084706639 0.6915592734098696 
0.8877041182892775 0.55982354632316 
0.13682164239326616 0.4892346398968254 
0.8657593574948438 0.9107617997575107 
0.6826738302473722 0.6339528674853638 
0.6672023238714605 0.25463160400983487 
0.6803456297851933 0.017413561974856995 
0.7163743175863282 0.5089100761276321 
0.2177719905498986 0.8298575711693876 
0.37393956934095585 0.903895178557633 
0.655047070906555 0.0885920138908835 
0.5250559532284125 0.7426985755174642 
0.8225868354173358 0.29110375424135493 
0.12687154772626386 0.2000376116450971 
0.8524455460485107 0.014547355680822827 
0.19797376962806174 0.6234320893193084 
0.7895539488517009 0.3612665276742789 
0.16809535115409158 0.9871971484712152 
0.27261543743442007 0.22435316405886474 
0.4902079163935035 0.9883164738513895 
0.44624856911846494 0.5320063021730562 
0.13749831361288306 0.28448222210829005 
0.12412053292402442 0.738890455888257 
0.05988557278078799 0.3541444878131414 
0.6313771309763154 0.734163839843966 
0.6929189592147189 0.7554052096099131 
0.1831631836046168 0.7272940357329224 
0.29958647802904403 0.4301326532478424 
0.5360374029192186 0.7673050313319638 
0.16439875266811727 0.8917883329295775 
0.19903360801759717 0.026706297371783982 
0.5699996994516878 0.12595093791848655 
0.45295607501017715 0.5746119453483879 
0.5070568593469675 0.324310291892273 
0.20380652153986573 0.13303271562552704 
0.10593360111255956 0.25058975271631356 
0.7264346934268318 0.91033987108784 
0.4036833596915791 0.8633057071837406 
0.051600230701936256 0.059940022259480474 
0.16316998878569478 0.6386949052519189 
0.21404523747487564 0.17410646193506046 
0.6430171092534184 0.3763961817130471 
0.31330634792230194 0.22127367327064867 
0.38883145679400094 0.20433991939906326 
0.93255330342434 0.39559372233027673 
0.449255738197078 0.6889242652770678 
0.010848803190458167 0.029204485894159138 
0.9200806801250029 0.10262143799169954 
0.8353611169405848 0.7627669490541993 
0.3512921080919862 0.4540788194464267 
0.8016145299998898 0.04046172760434025 
0.3243512347678089 0.6780469872808687 
0.08006684366726613 0.6358205111816833 
0.8332662451699366 0.3463565752896325 
0.26890353416771773 0.8930477142412117 
0.8403210631873943 0.6746284217072931 
0.8707600597921703 0.5920458444272237 
0.29230535723222584 0.6284871481117389 
0.5588581008270401 0.9114809417902503 
0.8984345893327161 0.040579371757539284 
0.5658765626178108 0.33774591237186463 
0.46227958391902474 0.9544991469986466 
0.2172401306311122 0.9625030855213994 
0.7913178903315866 0.7155516707399671 
