0.8952820064586937 0.4773533540581942
0.1774619256669419 0.548681487584898
0.40457297894011945 0.044207003855062044
0.7674299264434539 0.7797619247066042
0.1104640807267761 0.9387760953919602
0.8282788472891702 0.16074131436599715
0.5415727813056405 0.5221688288277427
0.432729358962206 0.8159647325493314
0.04847335937539232 0.25810220523421334
0.3057527918282249 0.2586289764564824
0.6238344052131901 0.22987526515411727
0.9198012396160837 0.8652232009323646
0.22626217308653224 0.8065770571098592
0.6836797226306853 0.327512194521002
0.12804415367889593 0.1162571552621815
0.10230552213418337 0.7106431684260588
0.5946133493300898 0.9444312624450546
0.32650505774629834 0.649501626766744
0.39594804413372625 0.4256742085347782
0.8949560232455809 0.7476099722397946
0.6201959015475202 0.6470416429371131
0.9892713476861619 0.28871204399479755
0.12276879061493706 0.4157814575479652
0.4018425764739654 0.9139766839098485
0.49731347458003944 0.32574989140811844
0.6571704564771168 0.036318903399216285
0.6844490545492545 0.4498386240780611
0.9800492343749752 0.07723084287727372
0.9006182691128835 0.34515532230610935
0.27006452249942714 0.10027241238048673
0.7890078515558131 0.5443598943576013
0.7527876280845829 0.9487817593189289
0.041129061282865254 0.5651806339010623
0.5089184902723165 0.029158740060612642
0.5038501226482068 0.6660735319215472
0.35271637422162444 0.5431735117232729
0.32730312558353797 0.951353624548092
0.939104531234249 0.5643339857362834
0.635159472708487 0.7768710064216757
0.24300846238467516 0.40682241331193636
0.7989204552783138 0.07110592225092965
0.19069058094057778 0.250257525750165
0.034192384084186234 0.8401146799569923
0.5455965255384765 0.16669772740267735
0.4258562922405157 0.13032230758776692
0.05975703823963885 0.013626599279084994
0.556810094020629 0.4426338009957437
0.4158751504239918 0.20378363925625598
0.7416540246148257 0.22336029847376132
0.7648838468587977 0.37611774797153796
0.3523437332184495 0.756894622349844
0.9433257920734156 0.9441550780216852
0.1444004482749348 0.836297197253173
0.8439592782823315 0.6811444748811167
0.9008926606158698 0.1929285876400748
0.7694236017672998 0.6618553252427786
0.13963544194158783 0.6496382351540242
0.21525992996589172 0.9275475270144248
0.013083364538378273 0.37780467165198545
0.474321746507615 0.5770011899995494
0.10765828118268317 0.3336137106641268
0.6843338186794196 0.5466766878076312
0.48008221307991544 0.9155074380367297
0.2425571586249145 0.6245004924973386
0.17824819136378645 0.059445567310294545
0.03700929270128883 0.10583491049485233
0.7653107707943831 0.8590575808303225
0.37531931534032004 0.2955573928021512
0.05310344167436354 0.9662574042523128
0.9605706776824948 0.7181941919206363
0.2812656941771971 0.44926421536491257
0.9796073332427442 0.4241789476843131
0.27461485591229673 0.9002941088857228
0.8063494096561934 0.24278220963233932
0.5519174159589231 0.7474828156461375
0.17898850113161419 0.17323098653108576
0.09739834204459752 0.4937598675607802
0.023816505131312504 0.6924269962631584
0.4578166556432131 0.50570659673184
0.31656355278405934 0.7950772661784198
0.43780210307354456 0.70734988039682
0.7018390234227897 0.08764011063323707
0.3446907498778028 0.04467165041169996
0.6341316646001375 0.08664259187471796
0.7851138613932167 0.4370781529012398
0.6724209070451289 0.9307625077324588
0.21714125130838796 0.6982572991549745
0.8506161022694589 0.8431140784371703
0.9370130162104514 0.6568797813064451
0.29889158809740857 0.16090072143388362
0.3561124877799442 0.12746418539842191
0.13820061353399216 0.2527108268588731
0.6103201341477185 0.3451314141663015
0.8794386436958219 0.944564785214421
0.46755690217489965 0.25828859745521854
0.6585791235601144 0.8454475414859548
0.22099493092546557 0.3033491662480356
0.046635098415290455 0.46799906834896615
0.49873000002450935 0.39378153187554465
0.2609432024349415 0.05696496836123105
0.930037735083131 0.7904491926480197
0.42591924170617956 0.6234806523427943
0.9347543020405721 0.15045673261367815
0.4046469424786915 0.367876079031182
0.8766390575536792 0.38668813527249735
0.8638758835664868 0.01876714624431769
0.5453565213082512 0.8327339933885907
0.5919093003608676 0.2199411715019442
0.5091946470231028 0.9608719893066338
0.09350547043328106 0.6370974234254849
0.6181485346153528 0.5477781039848465
0.5430179563681719 0.6055755310039673
0.05234688250420699 0.7587438224364575
0.33280541241962847 0.5855740156954174
0.4999138425483014 0.2097864741834244
0.7596811531992824 0.15288071697891403
0.7248307228163492 0.6669614239252445
0.3368995038469086 0.3884226475538646
0.8093560269398068 0.3032630935798516
0.9544110096179795 0.5094559385788788
0.20139676811243046 0.8748344628299131
0.23578824575389085 0.534189719314063
0.28272955123577515 0.33646960600933973
0.6852295261649184 0.7645287952812747
0.889267093872783 0.5880536312913491
0.0264150325361302 0.17450093372674857
0.2374720280958285 0.1909419339902551
0.8733421867365634 0.09533100522410604
0.8309216682836394 0.9776445969171204
0.36975715639093276 0.8251429547379538
0.9265764648618765 0.042779190845517234
0.08261657920663495 0.8267708327030727
0.5712614140153425 0.10618803445217456
0.7728619300713775 0.7499454599786624
0.5097366376059181 0.08584958764984618
0.18750927254965416 0.43575758246346197
0.6914179172963397 0.6109233302197965
0.5907928196225514 0.3877664031501063
0.3211921029508813 0.7073838714399896
0.9468148885046217 0.3967131379603588
0.906080810868719 0.27237338278406054
0.5855453196498475 0.2707867023607184
0.6688401839762212 0.6914524829559493
0.7063209149299929 0.0120249243551247
0.3913156535708251 0.9846734996162527
0.6535762450425101 0.15768196985822547
0.9691792291529518 0.26087657522522867
0.6910376323622017 0.96326540910447
0.15948967294108307 0.9559938316641483
0.03477789898413719 0.9118559055074148
0.8369795766492644 0.4968205539206911
0.9774415869514835 0.5881307843329995
0.36016469469828166 0.2183259408006613
0.08456733129895444 0.061663276397789235
0.6753764720937708 0.29188669674625517
0.8027293338219029 0.902261000515511
0.26097506325349773 0.7872766010439779
0.032601095411130265 0.4135529708069467
0.6057628927965446 0.503954028306852
0.5843549230636975 0.6682065713307577
0.9887643506299957 0.9575837045064086
0.29439295934204424 0.8647434303751298
0.6932967329231106 0.1823380511440456
0.9754849703291677 0.19149024108170054
0.11949813947014976 0.5712577598625199
0.5024462351079353 0.7489843719595275
0.201122070764105 0.35845212800526755
0.6087918587251371 0.8976256389846714
0.3898906511605062 0.48532993900234406
0.5119352562927978 0.8671286412878292
0.983995537384724 0.8829436181973267
0.17001471607994878 0.7571058126752515
0.2889525211194716 0.675863912487876
0.8414715615769427 0.7248598219683884
0.3558338584688907 0.6594287995293703
0.15006404810208857 0.8937235988209447
0.015658457910025736 0.6147133771416943
0.7172668009452876 0.3807364557408274
0.26309265914040847 0.8770758510104103
0.7774502045611803 0.011943806469052298
0.7849876484857026 0.8261084972562034
0.4339805597311126 0.30021154797232097
0.27001859149646756 0.5564441252441722
0.12201944325502773 0.17491788361370464
0.7131703603780338 0.4624634963342152
0.2114836155576682 0.11757514746229919
0.7361405687872427 0.5689692962694417
0.7509090786682778 0.309374049274041
0.4745037284339017 0.03414857702980728
0.14205758052558715 0.057407260218244494
0.638307520323888 0.42826930401493046
0.3194064959728715 0.5159207058586565
0.0294912872675544 0.016039060537249628
0.8190190671339944 0.6130766462784267
0.7254639020519148 0.8412564572374843
0.3903508806620658 0.7235373177348442
0.29947659498926604 0.9906190398252079
0.4594198025627906 0.947124638658005
0.9547015927104692 0.3529958554507956
0.18770728056981734 0.5885071799911945
0.6954357131425193 0.2445031183442693
0.5990386326376845 0.04124906083961827
0.7886530951886084 0.696770487802283
0.6502050039866631 0.4001391897618407
0.07637426115111806 0.35282923228109603
0.2888904852748163 0.23886338704144972
0.7536335037476789 0.42848938714485796
0.1438312718989268 0.331072795982953
0.14309207366238852 0.7048251587603289
0.47714394984961184 0.6327791341073508
0.5273220597796174 0.48359559711330075
0.5607330590235073 0.9875229488809056
0.7436607376651061 0.5261574343230868
0.17125676127995154 0.4875136750941821
0.8625791901476276 0.7826260328661605
0.3135161654376413 0.4487633049959361
0.88101607709609 0.8624935777777865
0.42897542481107864 0.4403468832328642
0.9603213848312587 0.7962004135984307
0.773521763592047 0.485997034931758
0.026133855326940902 0.9899558743815865
0.3428697477243113 0.8814135145268823
0.2312484413098453 0.47157245705659484
0.8627022815906763 0.18416377279061003
0.7074821021751019 0.7870356624634087
0.7106704105000041 0.9114759584112031
0.4006384488934651 0.8555455030503406
0.5379382600769658 0.8970159994309108
0.7319432772955963 0.09899084371040723
0.06366464030658586 0.3988336998457694
0.8536504323935136 0.5228327762653052
0.08837295644743115 0.8874212886791089
0.08126508321297005 0.23788765468147022
0.871697805762127 0.30638172843664735
0.41896292457324913 0.5432272930473375
0.9240540994212889 0.7188257034752072
0.4109911827485464 0.6580695532806178
0.7558263239077038 0.03807501077129383
0.6037918425137311 0.7259572740351661
0.4870626271836514 0.42264307942890667
0.04878213966323014 0.30270425785897287
0.8930328294742587 0.06309274389310987
0.5128439901932396 0.6917817731066299
0.8971963954029581 0.6678356335667065
0.7425469601939079 0.7307323236646186
0.8787012323136503 0.44668302359960266
0.22787952377774656 0.9882836891897677
0.3725723594002389 0.6088280797575182
0.03832340435231224 0.6449470844019844
0.9300686255162759 0.45787681032936034
0.5497463529478483 0.28602538604679206
0.9804957734629024 0.018502654367025806
0.9403057925771683 0.9840675999243473
0.9868687654660402 0.11453377481750904
0.4693215219270835 0.18864985859750677
0.520752983770662 0.14274973294250454
0.36488805779864086 0.9338148524061479
0.32456889094051816 0.07988523388841057
0.6030658405526714 0.8291123690789794
0.4997629927203086 0.5059233796385615
0.8467988385921742 0.435509943508237
0.10929459707001055 0.7874360486645389
0.7932283009652692 0.20562757122757686
0.7556064197176224 0.9794564819903651
0.31575004275060375 0.013463648117402027
0.06380856428893761 0.5954260975104133
0.3723066835041308 0.1539008514490406
0.8607623455808708 0.5766340404383653
0.28281331306470486 0.5941063162945107
0.08576076531386723 0.425494452586621
0.6522292277134567 0.7223701601705854
0.6309544816785495 0.9498483991137391
0.6010169375260854 0.6202406032486577
0.6290341127591218 0.19796456531513845
0.022365897899676357 0.4938038334063083
0.5578353628547473 0.38312280708298246
0.9759273169362644 0.4848916881451975
0.07261374883875438 0.6675528233132005
0.4284050076252732 0.8810204779120201
0.8664286054196593 0.9163895914684139
0.3900911238682541 0.08255909614911366
0.31759739483802185 0.7536574555471618
0.5517952013608249 0.5685171364058479
0.24042787579663105 0.02863282150145452
0.8225205200253501 0.3230861815060726
0.4694850540883167 0.736660166818899
0.2686215433486479 0.2723401524682939
0.4189947551804973 0.24634561452813886
0.6456663926853535 0.11959318772023775
0.13579288986353916 0.35830995613967853
0.0422081334441064 0.8051628372341404
0.8249031434544665 0.04987138691565457
0.5064191158186305 0.8037202323622423
0.6373841995290668 0.4945701479632723
0.7425469826036268 0.25781452956373097
0.44729320716200216 0.08071767679692449
0.9236256963878398 0.12108902798096893
0.11006040455677396 0.0393210538403459
0.5546088409699493 0.23209152974985553
0.3019411619283725 0.1982567204381424
0.17208466613945517 0.2108048385030083
0.23073219136207018 0.5017662837949011
0.014014998422720082 0.328057510771032
0.1724726409677117 0.007539697078460139
0.6534510105565846 0.8957474949705125
0.4498762749384362 0.36947923140308747
0.8095831299252225 0.9293677543929766
0.5689672431586442 0.3150182692688107
0.8002267816752388 0.33593988325445834
0.9857408315075867 0.7460375041794756
0.6655572349633556 0.5932975566251062
0.14778650315453074 0.6723436622911154
0.13873648828524426 0.9836634279045426
0.5751115572519119 0.07483742245553426
0.2282073926175714 0.7674776588684132
0.978657456859469 0.638387549139869
0.7032378192909587 0.8668087010036214
0.9091648908886623 0.38451099603146227
0.1852237432057775 0.6554414048402646
0.7593695644502021 0.6206572013699734
0.11722953216328758 0.27875346398703316
0.1552948401094662 0.10416815987059508
0.06316204149483251 0.5453955348569671
0.48599109741767965 0.8331490122641498
0.986394010441145 0.8240227707802931
0.018649322805438795 0.25513902176290865
0.9024896532319201 0.9839460183123903
0.18240241160496168 0.3002624183175484
0.4661679470920298 0.4711637225735027
0.3422556154205644 0.3270725170345137
0.45909411744643874 0.11543675959424504
0.2402915302609856 0.9088062258998361
0.2544005594266929 0.246250302102398
0.5814082801163298 0.9140195458310156
0.0875283888819755 0.11735993925837157
0.9106219079017119 0.6306363730010014
0.8130977046587093 0.7495639317062435
0.41514962198164373 0.7896694951427405
0.26340628183947556 0.9430450866551074
0.943760600138541 0.9115221631936541
0.13692436638392674 0.5024923844870993
0.0675932902113125 0.13434787334618487
0.9284012453088903 0.82667594363203
0.932362215387908 0.5960318206589376
0.4692919339264688 0.5353657742731153
0.4446542778170057 0.011803163120800486
0.37722003728960085 0.9580144740196336
0.14308134338949052 0.8128123610661857
0.3825534719859157 0.01548619746645058
0.832944677878276 0.4060205989900699
0.3762538161062543 0.24961710020020444
0.9472282110538608 0.3047909159041817
0.9775467343770576 0.5306180995656672
0.011153370694560294 0.08536524357176034
0.8713379915043331 0.27317468529693134
0.47083900392297406 0.9637445638301253
0.5548578307943888 0.12941024897148434
0.5760696571958794 0.010811135957358164
0.20107268280496193 0.8501515107900965
0.9435862684647804 0.20642051358906433
0.5410962351392642 0.7170688861596717
0.25352650664570586 0.6973377027020793
0.5709211962561435 0.7844167953176827
0.47089100939258843 0.6626364880041247
0.7117129590155152 0.502840940544319
0.9102478254099732 0.5442698358261072
0.01580150779961903 0.52983861404155
0.07565006131552982 0.20589783131642658
0.698569019584566 0.15418797224431818
0.14462824751959413 0.7400392057166422
0.5983317089570102 0.44780798232896135
0.01716834907813153 0.7606114317886683
0.9196721859169978 0.8978907966455542
0.028687259621537176 0.04841330794718102
0.5108405038575496 0.2666403940401326
0.8253518039007381 0.5401431919925808
0.6509761452932434 0.9899206864218988
0.8251970594820667 0.09330633652072945
0.27884528444304046 0.4915762403119505
0.4260625758160449 0.33405642101672417
0.019695456133821787 0.13444435495165713
0.4978489028591058 0.3640206428138252
0.33462008412344213 0.8311818782258591
0.3414433316042331 0.1688786418490349
0.5957464835933207 0.9801371691441703
0.3811865760277731 0.871074632070598
0.9789532018442629 0.22408222843334108
0.5050971250052446 0.6062659660924855
0.8963869521868684 0.7102141155118877
0.4495697007242898 0.23100065286994753
0.6612766341721648 0.8053120974101597
0.45885295561949624 0.7729845527258583
0.38920055757187033 0.691190747182312
0.42917857129462533 0.7364879217084833
0.44986719929263186 0.4051766160398035
0.8364807797237083 0.8021510320492209
0.6323513749709898 0.2995692986935702
0.2884776623636054 0.7272670667675016
0.2685383365279852 0.14793548914004373
0.23667721686425336 0.3605410015035774
0.7463662729061199 0.3602623077506718
0.8489027252111253 0.24257135001619767
0.453820470342053 0.8973199805932979
0.7292958685715354 0.6387716526044792
0.7346413542075246 0.7665567836550828
0.29685163442513857 0.6438721207598674
0.8662453606576597 0.13704097412296323
0.37940203343455636 0.7925495417747499
0.13599280769468985 0.4729772590596847
0.030842789706412077 0.3596589578322882
0.39997544983285904 0.9561022490703895
0.17420903770772067 0.616383017225592
0.8970273276650769 0.7793041081297806
0.28761319948988395 0.41519568365630416
0.8042762529154576 0.9798544674502233
0.6821129196346298 0.7194545673898578
0.08665389757977127 0.9235082670290298
0.20830022054691733 0.41568226889346854
0.11288625399265256 0.6835875692159407
0.3597486529335621 0.5025848751315631
0.23378630259873046 0.09085398834804337
0.018283123228784504 0.28540074188032527
0.36372520390326246 0.43856284522841765
0.9780830636327942 0.3918782922971884
0.6253417335974065 0.6782302008069698
0.12311404383917957 0.8694723314255148
0.06643443529215859 0.4947490842921969
0.9444521459527726 0.2510377283689788
0.13992214513239437 0.008632110557243333
0.627739778393585 0.2656288379502456
0.11832551056773588 0.1998450847908977
0.3618150781781505 0.06857406135888161
0.22560019568448864 0.8343105907281209
0.03593821001858283 0.8808999065260437
0.1371496473203141 0.6050255863813182
0.7829077670376412 0.26086025886559555
0.26206759821521297 0.5202821490021349
0.1635679516643449 0.9235204236754961
0.712470229935011 0.9863803302167107
0.1693758231562124 0.2727227923544818
0.7709079781319859 0.9186165139663802
0.47735254633626045 0.22142051040653044
0.5206326491128924 0.5694811734857204
0.9307159078545065 0.5259026333864956
0.28129166993440363 0.8110339703872316
0.19299563320439544 0.8172318837494521
0.5682077542604961 0.19657051352997196
0.18260802732997256 0.6885657784652452
0.7668863004888726 0.7189515204980921
0.3409659605159293 0.723901630120882
0.7875506372527386 0.10528191817648219
0.42920345172534374 0.5058983720383666
0.8908112964390356 0.036149654667939846
0.33086352519569895 0.11384994284043204
0.2870589210022721 0.03215110452756276
0.7231512390712179 0.18159507984240075
0.9589593012335338 0.09789012148347387
0.8704027201010377 0.7025497014016717
0.053545252874331484 0.7086150766254845
0.6672829020301485 0.34457251384700616
0.0306054987619388 0.9596798905804812
0.36590900049701064 0.9921510521853907
0.8831007895345633 0.620472123463123
0.16057250074323032 0.5698570785912154
0.22319937504674076 0.6620712824436633
0.6464007285131737 0.3698608802772521
0.7036249268978501 0.5775818750946468
0.6229269231586406 0.11257168123424227
0.05938950838041135 0.43246399605917196
0.7849799083499696 0.5136680983435519
0.6893925300802507 0.20534846889846886
0.35649843291962535 0.35192419740474784
0.25673501564570567 0.5906656813670061
0.44805246694238693 0.5930223996530394
0.19422542898751943 0.14636097156395322
0.6435094783030862 0.014487390131857625
0.6711190255349296 0.6401034007166903
0.793410918634023 0.16220743837389473
0.5976788622288607 0.5705745940438383
0.6879282814533438 0.4041513900697829
0.5116566828411544 0.4449864315348647
0.820606079699407 0.66919307353943
0.20087957345400675 0.7381694519977468
0.3902689120967833 0.5672108484719398
0.014239441506108286 0.20724291002689893
0.7318645950160876 0.7949872613160145
0.13791201905497408 0.9350775426306128
0.7911213824105047 0.6101955886552969
0.4995232787948881 0.7204009754514746
0.5199853385449676 0.6349194625774226
0.3305520392372525 0.6166829117155822
0.4126304487240105 0.08584571041996031
0.5376717091420966 0.9674880336711336
0.9598004247017193 0.8573490369136931
0.9044349319598388 0.3018994870388869
0.5345470238916578 0.3176704776180382
0.6343347027057826 0.5235070982806266
0.7387762343882961 0.45925328516582503
0.07614507336947746 0.9814397992844544
0.727671211659181 0.35311105500686435
0.6271280142152625 0.8506493776120256
0.9445437639722507 0.014767551997352857
0.3685657370676014 0.41231636568487295
0.7663169067289364 0.06880810253525538
0.2035938940005706 0.07601896769659244
0.7219548102880216 0.039555204014748546
0.5537426960017371 0.46829630066659494
0.013329777069156945 0.6528203624134903
0.9587908199659235 0.7629406815615403
0.32360382223389694 0.5539772875397515
0.731357513116044 0.9696187377592096
0.6347122334497401 0.8131177373876795
0.20349532531078052 0.21578018034365903
0.6696886108095541 0.0893291030933237
0.26630708286568644 0.3822961241121743
0.11784864638000292 0.6228978845042586
0.4616360083123957 0.8597362202608844
0.9742431641562563 0.69183511814633
0.06139321218948285 0.8399340425508435
0.20914104789922722 0.6208530458068571
0.5351027504051904 0.19937913582334477
0.9918863492503361 0.3334834154956532
0.03313171494400391 0.7307614929972552
0.8689904968881437 0.8125680613276483
0.41200902730650546 0.47116929314923706
0.08489701400723071 0.7647497190295555
0.4936153494039024 0.5662540695429271
0.5722596849151641 0.8557373326664809
0.8702341728491048 0.3574936975041481
0.39927991654791767 0.15074408723727473
0.9037100456170581 0.4073766669533847
0.6904209964529997 0.6658304873025209
0.7297295977742791 0.14921942758046142
0.8224341364070031 0.22451420279358558
0.21233824372448656 0.015259304566211718
0.5768234660406424 0.033545791437964934
0.5439122182856253 0.9269031572256248
0.7080579847731973 0.302927634224081
0.9263123381423577 0.07838333199330427
0.600354182640424 0.6975200123466812
0.3395336967335552 0.24442868650245841
0.1864816012440481 0.3984581289213825
0.30068906001731566 0.9304200004865928
0.25127555349579417 0.8435549987329714
0.6559573693819022 0.21441358573309943
0.4968846799885438 0.06356489553436367
0.5695040211606186 0.6103406385456949
0.3603560644030248 0.5773735053539376
0.7675202131228841 0.23394816597641432
0.8429559631906167 0.11608525963069782
0.26400418950221866 0.9846308975250427
0.3826632284091095 0.6688956572468453
0.5317593908727241 0.11402311930581427
0.9574092027975112 0.545130532610011
0.009904623650342503 0.4602172207224119
0.674141960916018 0.8755822065563033
0.2005666546495362 0.48173266729199926
0.9921452684073624 0.7149964770177869
0.08768572146297499 0.2719884669371414
0.45650465390733963 0.32182232232516467
0.6779474963592409 0.3748944724621798
0.859757358182371 0.05642041788989571
0.979732707256662 0.9356338599745848
0.2703606904634344 0.21108500409317887
0.23917314347399937 0.13030346069603344
0.7030327661785101 0.7412003172852965
0.30274349126218236 0.4822387464521689
0.570579499178901 0.16358908337418254
0.31823777295710304 0.22562106128668452
0.6278417461858096 0.7507292081553544
0.08840405236753374 0.15774962660804193
0.042161002491598265 0.6085733073541988
0.26951402475252895 0.7565976222605828
0.2793767712602764 0.301194117369211
0.9027402015760218 0.010858555005273884
0.8214034051013407 0.26570980279237416
0.5555148700339385 0.695149390174324
0.19654908370546126 0.9889305322077373
0.48745673675345785 0.48013508702909874
0.11660821248070641 0.5374016321219107
0.9190690311182075 0.3245979634927716
0.11701433335986944 0.38211256688175965
0.6535652202155365 0.5463679164869175
0.7780692182355078 0.40763632969902064
0.8047368299071063 0.4709733175632684
0.20519195186564226 0.521699647227156
0.9651341254795248 0.9752187058790034
0.4034349092846577 0.2964305695382723
0.08303862883496066 0.3121662300268105
0.7738394791918328 0.5871032828024899
0.8894233714641311 0.8377408846169543
0.3472636715846832 0.8005734274931036
0.6807733137725768 0.48092916481980763
0.811555381009764 0.8461050560231084
0.5972314169093895 0.3241474949728709
0.013769287901426674 0.818401051751309
0.6034014867082129 0.0662285570909023
0.5412869809469564 0.7990391695937636
0.47599130002908596 0.1465579582812564
0.8719851422787017 0.212774470412664
0.058288288794957344 0.7866324253006685
0.5693978469137442 0.5405291763625205
0.9273609904457754 0.36169278391236154
0.8059784789582576 0.5789151056776942
0.10981065960249814 0.45784635470553764
0.16217875432042594 0.2336081535517493
0.5439077795750258 0.3548929817801195
0.8110316951861218 0.012894463867834827
0.11793517634560347 0.7363637210243016
0.0528536350516669 0.22511219513574882
0.8934807919121452 0.16365632596405294
0.3090467351549031 0.3245796062368633
0.2965777716131306 0.3555558463419479
0.5360842122591901 0.43013110076702055
0.4444737406586705 0.6463736438836055
0.8063679546808171 0.39323653691844024
0.7170951138240804 0.7015470813818221
0.47824294034523807 0.28779342905896177
0.4666608883482381 0.8024576563748662
0.6055002208816458 0.869936101614167
0.3922682340162041 0.2238624765815045
0.6422575471006883 0.6225067250333972
0.8027558574821367 0.786273862543327
0.7189503044835036 0.5328843740048762
0.2201707119126468 0.26234982985111177
0.18814180392480734 0.9304267293312602
0.17090116625952406 0.37183011191556903
0.7310252125822033 0.42694177668565325
0.41988049271524475 0.024841488678166046
0.6028267799827153 0.783256482888837
0.3215309192494406 0.8593525740187725
0.29479362856243374 0.7002199370224871
0.2549645466409694 0.32019889352534747
0.13758572171094602 0.44185888602333606
0.37048044709840267 0.9009979460517337
0.1447156871903224 0.15408654850182596
0.3077411773518113 0.8948317541620019
0.8603747811030955 0.47479056937856656
0.08502668186410856 0.18355463908753716
0.8781758751717246 0.5431559866786019
0.6397761480836833 0.5796948406490195
0.1609694329627009 0.8604399605484294
0.7081397599574648 0.8227043346191729
0.4327045524629968 0.9796745995233664
0.4210937970208213 0.38490702946169114
0.5166314396950777 0.9897576496257128
0.43554668757136333 0.9298100633095034
0.7636470722951183 0.19277801174496895
0.1680630682050379 0.7879123815733511
0.7737668303016992 0.33234944179360937
0.848057601124256 0.8852319299459663
0.5435139880745785 0.08726577335687252
0.8051949554246869 0.13467794984218961
0.42985668456677556 0.5720535093034954
0.3310429090938254 0.6695313172753035
0.31823587540289083 0.04734471932067291
0.25896453924554486 0.17272802575139062
0.060155083892043604 0.9088605479022249
0.3398771407500175 0.9909834080659878
0.7354672105624503 0.8769211404654313
0.5962974948651838 0.09829397182123017
0.14964379244691273 0.5387421538214823
0.4878755665742235 0.9480231160927264
0.9627578595650095 0.042577634568781775
0.9924934609262046 0.2530992388995571
0.6809328257023002 0.8371260628268599
0.04689823266983523 0.33937150392298565
0.4092704958909315 0.7594598898415278
0.5326752870401938 0.015668930081298327
0.4274333607764498 0.8429479775682446
0.7021436069707813 0.12404020557417239
0.009924981175529424 0.8953520437248189
0.23677414333760727 0.9538652102773526
0.8880914002171376 0.24451701588823893
0.8446284900662223 0.7569886004779265
0.25995019775421374 0.47657902944107927
0.3103666864752349 0.3936273959189491
0.36426129460300105 0.18861717209934148
0.8049549367890263 0.6383353485817552
0.8312750533266082 0.1976530348137761
0.39702907547671945 0.3227203476785895
0.5975759614641514 0.18475653120086372
0.11983109077138593 0.9062055903392807
0.05987588614807793 0.041278498752553794
0.2133756182810061 0.33070481821012837
0.01854559249132076 0.42966796871992513
0.6174990449556874 0.1568087302301152
0.8331355277153878 0.016196688652175717
0.5613470854793033 0.9515672143293317
0.9490817700025258 0.12786913416412654
0.7917873403923865 0.9535196898117525
0.11632387890149876 0.8240128436848833
0.632258098962734 0.7123392555304785
0.8324097516374597 0.7038496138786317
0.3929045268610395 0.1803652810805651
0.9817902349815296 0.15329085119575703
0.6796938072572303 0.7926503489023122
0.8484048311081218 0.6051162573340733
0.6559356495904742 0.7702018807999951
0.082050995126497 0.4569815886448334
0.7464246502002911 0.8464857338149425
0.9499791591750693 0.3298155267932566
0.5554542816691108 0.641904460708538
0.6169794163068781 0.41379974060446334
0.6967871056265366 0.3518543082755113
0.49158918200273266 0.867667672506369
0.740044429396899 0.008028204323209887
0.46983481442881064 0.6971656591194028
0.14537257625837013 0.033090597699229896
0.6094197205250129 0.012433200996994354
0.988374565532458 0.05652641486630011
0.14132886716598186 0.7859477762996536
0.8894007928338747 0.8901929792130392
0.9162445972106129 0.953023005198174
0.2946922676490286 0.7823519914275352
0.5177086668161449 0.22073178112314273
0.8607485626603013 0.96402128564208
0.7535471980643884 0.6871145935119686
0.39929411815924276 0.5084943182762551
0.9358097255668637 0.4230875618547692
0.8123848647602865 0.43195002433153534
0.559883449996933 0.4980405150364565
0.17958193850421023 0.8983538378701896
0.25602790284710797 0.6606527639338441
0.8170868754120852 0.3615956307213136
0.40749730684316443 0.7116861977393081
0.05739908530046406 0.10919229417917664
0.44128418629973054 0.17882036980441873
0.9744115020882056 0.3178311372303474
0.636982678264735 0.9169455198434098
0.8329731713536463 0.46123012773206784
0.30354128452294904 0.615941581707555
0.9867349982946376 0.7789096290483204
0.010505284179728624 0.025501920363405317
0.9097657018547846 0.5778355133331968
0.20141701618139823 0.1899546630003815
0.20402442849757657 0.56064904914433
0.2672791737532658 0.6286738546413091
0.008563893219600938 0.7263068211333122
0.11111442939075683 0.6570876528950921
0.9631645462101119 0.6096883963380678
0.06006350166034591 0.07824352525052936
0.14393706739169337 0.2762835435012541
0.3484675980267545 0.9640285164089868
0.9252089778534651 0.6869324653835506
0.0689011159223833 0.6901457728288849
0.6510771452377317 0.6707027966684544
0.5302962215985808 0.05585226070117494
0.6647453594660486 0.9600515260562598
0.6834325225051248 0.018843455972805734
0.3843185866733551 0.539725236494189
0.4689537202562954 0.05915586966493075
0.06274464998022922 0.8725141978431159
0.4178561572025201 0.058950050579110846
0.459769928571381 0.9840889806016568
0.16929892733743085 0.13306518562182873
0.4108094914841045 0.41060016027049645
0.5846633692012777 0.3518082798259832
0.37062771967995894 0.3865956437019832
0.41095158403933474 0.006863762509172755
0.7475496233351673 0.4948879247296955
0.29376223683657077 0.5452918379185401
0.3071668602961175 0.5780893260904669
0.3661041039245606 0.7199137640750934
0.1605651253389671 0.6323298142017062
0.09609898399188999 0.8534638912890262
0.6257837859855154 0.44444962821978706
0.8747163791726802 0.6460242268872649
0.9262757549915918 0.7565613787369145
0.186092518682675 0.029460915325409787
0.2975878191355674 0.0725094074986824
0.13884760275216323 0.21954100369379365
0.9243702221048918 0.23930886689434389
0.7504684826918643 0.8071465566954104
0.6791433165536717 0.9020288574934092
0.11366510834243859 0.15007700481205632
0.07943246120943631 0.5702371480079228
0.7277811613354646 0.27925800211939344
0.6113739227824526 0.5959722613936236
0.8838415674514899 0.5115106205681667
0.7168491644192005 0.22287469237104712
0.013452081153138173 0.10550210306419772
0.22647718864297817 0.5919051784027742
0.24808012915584676 0.45115724335232854
0.6975007882755457 0.27184025546392543
0.4758496668683943 0.08942702613703801
0.6606913201602252 0.26996182425726545
0.3081521863591389 0.29216041219872924
0.23444319458784585 0.7293769333687057
0.5071867374558074 0.5360186035231436
0.5711183426038566 0.8902993165926119
0.7272919570854727 0.6029156645052376
0.8091288896226079 0.4993599650831084
0.8398008053899275 0.9307854681895367
0.21869520109605317 0.3871895959691344
0.3522657388049037 0.4645291579001392
0.8252599070090995 0.8744081552876047
0.6077130529742908 0.2985208919599195
0.6795358737265432 0.06279777047048457
0.9453938215046195 0.8783804603075873
0.6672864892198767 0.18106768193091927
0.37801177400782826 0.04139945972457593
0.3506758155478492 0.8568955448731429
0.44651494124065066 0.04798945463692472
0.8447660447887155 0.29846535819908226
0.9882945186493639 0.8587980811553542
0.1577509391638935 0.4162689798291641
0.8988533014495186 0.8070388582443112
0.5474774061527324 0.6685556494326647
0.6551781389022037 0.2380263463072103
0.6473141513078479 0.4634522914061491
0.7885971457443011 0.3669307326419584
0.34760650046732056 0.012000536351323254
0.2150800356418845 0.8925880033352452
0.39111770537595003 0.12149027465220569
0.6695346210202822 0.12229989694356702
0.3336678245449888 0.197667532101924
0.08876699979050989 0.026254757357611958
0.9397156308386128 0.17513360376435688
0.335739610695198 0.9168438563324153
0.5712990579418794 0.41721646226576814
0.8695477832378764 0.41335084589733617
0.9883565180571801 0.5094458685637647
0.02866307859714534 0.2298859163348883
0.9891070690905311 0.9902019167353483
0.9824644228963333 0.45687172639791723
0.013305344261325458 0.5706132281140935
0.6195252325861261 0.37376425575341676
0.05147938888443082 0.37876804977680345
0.27851731384160816 0.8432957500597109
0.5723778630632242 0.8187773499557072
0.5088025183683186 0.2955047779592642
0.19564850044203064 0.7816095480755105
0.016487488456750077 0.06723171244472942
0.2929883487387549 0.13019128578798284
0.40636961679185457 0.5985105221066278
0.008432153324122005 0.16065868174650877
0.4838479081284302 0.008245323035007135
0.9801995774950484 0.36506448015728954
0.42031577581189705 0.6828081592397389
0.7984491224338042 0.8791721554519679
0.11793887067099335 0.30417598963489123
0.9830224562864911 0.5609982825108264
0.6004462931761443 0.7526331586270405
0.5788041972088704 0.5810739595098946
0.42407157244814053 0.9527802561488841
0.21559165587634638 0.045446234434003197
0.25855568605113055 0.018606915199689045
0.45296939460111313 0.2761564116070374
0.8000559452386782 0.7256105658231
0.6506259407981878 0.06367585500268313
0.8713809252496814 0.6741892092969084
0.49214076438193266 0.16596895996291522
0.2169318705112535 0.1648784636916028
0.7023084878659397 0.4281630519183483
0.4884442277300202 0.9831003638282456
0.007306930340159945 0.40441821272944206
0.06719194170124976 0.6363091232819004
0.15269713864515033 0.07942246656030855
0.3878498223107871 0.35004086411296487
0.36345175198629676 0.09999302807484195
0.32813481756997237 0.4784941654677339
0.17453404569557912 0.516393339867142
0.8375350834358744 0.3428754535014711
0.5111009897350711 0.8962001202039259
0.42930483094105026 0.10417179226997703
0.4432384418519715 0.20575970702191015
0.8472306136179835 0.6412733756004363
0.0935301351685831 0.6027851982485696
0.3091339424237552 0.8267565318643676
0.7642148849577046 0.4584767265289536
0.9498875808922165 0.4736190634003096
0.7245530244955214 0.3287638788629935
0.83143217901598 0.5784017361751004
0.5107579405589824 0.9297349171573321
0.190512487858101 0.09483167613892923
0.9891044313478328 0.6211085265517866
0.5423909943718753 0.8711752049628176
0.7380768583658524 0.9192202865988279
0.8484713673907045 0.3746209809423814
0.7638906647256976 0.8916439301569222
0.6718379140301133 0.571451252826917
0.49377707815280675 0.23971216221818759
0.9112285049497701 0.8425176973867831
0.9057930362099305 0.9286713647486347
0.29074583827819506 0.5168920587898832
0.788621002266777 0.28934450304793197
0.5800906239619752 0.468565528526694
0.2995137251037967 0.9617699341669328
0.16830657879770827 0.7235164130370074
0.47735670830748617 0.35003214241541647
0.5886038210554833 0.6401935097887758
0.2059745447722217 0.9603251028120339
0.08612735403814342 0.39020952489233757
0.015923225304670385 0.7839589671885672
0.32516888726447013 0.3559179930017785
0.6433279101201578 0.8721971457619151
0.10131622062002521 0.9789954037717918
0.0888129350946425 0.5267061958332997
0.9755392567633375 0.9041421664868196
0.10715245393866069 0.36435805434612445
0.07416707001941136 0.7385785645217158
0.26564777720829535 0.35058027813581094
0.5303438873004692 0.7367057981804397
0.5576740534481025 0.05081981189448431
0.24748815140115732 0.28844515389497316
0.33250734139236027 0.27783986876014755
0.7520656073727754 0.11086599747452819
0.05365488642296384 0.15661966829635987
0.1743729909910975 0.34257663239835956
0.4891993283453863 0.775933564531164
0.39367360639178905 0.8237175319410226
0.5293146246154811 0.40619635000356036
0.6003003576360941 0.5255959012315448
0.44184143606746623 0.4671093189062025
0.21925583338176513 0.44026416989389155
0.46158726397404054 0.8268263329643009
0.11763839836599749 0.9599941667574461
0.9068596939110878 0.43478419490487263
0.6520441995997255 0.3219514708440253
0.4730244741661082 0.3843228384644101
0.5178635345210665 0.841794683215485
0.673084882743229 0.5104614850194006
0.9759531104808623 0.6662121259576598
0.6347455291541815 0.33750331189508354
0.423599314509027 0.270659437614365
0.4720154779580834 0.6074475284070928
0.0452154201798185 0.516735564441092
0.23002051174912125 0.8682711927835313
0.23864369183016915 0.22247048276411335
0.5084541228671328 0.18687600631190887
0.3856052448301518 0.7593452407310981
0.7201443576184788 0.9439421632948382
0.37882723715224775 0.2660380489276659
0.2334962412438777 0.0621615669447228
0.9070943611419402 0.09407472160411295
0.9502786466456796 0.8260712493308122
0.6047059175715341 0.4784585177209815
0.015715139576473025 0.8595014641155851
0.12898752974493422 0.7608373928355852
0.2986216311415725 0.1053384097048618
0.0065228503693722795 0.9694252394892953
0.6643013174235765 0.4331401912652587
0.11183295602461596 0.010512315555173568
0.8683418158421173 0.7401004683889573
0.016332264390202356 0.9310906634739581
0.3571319880908527 0.6314960990108702
0.9505407011284631 0.6304346582072988
0.5529039352287879 0.260662862084837
0.9502852699814397 0.28143964658209336
0.09925000358748626 0.0944739352397827
0.9241044005799925 0.5015848633576905
0.7634636665629069 0.555778244371511
0.2306081412081049 0.563479858824911
0.5754956499634932 0.7169943486251058
0.5273084981468942 0.7706601659957556
0.4698828201561498 0.4423119419546158
0.25587690582169187 0.4263069351628626
0.16852823417199625 0.9841939140751197
0.07278637840096669 0.9466518018677397
0.08471038650564594 0.8029065167463598
0.1704487637814821 0.8352636833551609
0.4986242778725166 0.11576885172268081
0.42852414159475016 0.362723541586949
0.5214968930046792 0.3721704769294324
0.578273858281983 0.7544601561615188
0.8789099942547569 0.33289279793995896
0.3916214401624571 0.6346228592447194
0.5909558694477206 0.24701664558659803
0.7236895781400278 0.06850154152445814
0.9487207156596219 0.06606824707857634
0.6685321983053272 0.7388751969297218
0.4371444215166822 0.1528473907472852
0.9939665716969606 0.17959554223734542
0.6309949109187865 0.9776040270454436
0.6258644550991139 0.04890474493785285
0.6773098577681088 0.9854025466561587
0.15163231504208685 0.5857628664424297
0.78980348222914 0.049591238538352456
0.11541660406493293 0.07349178586057348
0.3269272617150891 0.1475960968542871
0.32918051958002614 0.42661348024411483
0.7036404476536023 0.6381092591357228
0.04950619150714963 0.19162576266593873
0.34585870922053197 0.3051410385262227
0.14880750951914812 0.3028187609416779
0.3553746589713005 0.6899051923699204
0.744271864392453 0.39604857863413395
0.15534844490370947 0.18548838457228595
0.9097381304707768 0.21764571092429613
0.10371498610741675 0.13696102549338635
0.10924206478472737 0.2402334306550925
0.8653089991212026 0.9895760385903165
0.143928382397134 0.3854759434739669
0.17215488705332033 0.45910314190725404
0.8933145910051223 0.12835784367713082
0.3890778164517354 0.4559438765396605
0.43550738075631235 0.7750094884492276
0.7778026362320232 0.9883449853370483
0.5967562948098221 0.12996168547489056